$MeshFormat
2.2 0 8
$EndMeshFormat
$NodeData
1
"Desplazamientos"
1
0.
3
0
3
280
1 0.0007361822951707523 0.0003087508529995958 0.0 
2 0.005268614205070252 -0.00038617196337467543 0.0 
3 0.005428156196909332 -0.0004579538815679804 0.0 
4 0.000772107833213573 -0.0003307768899929506 0.0 
5 0.004851710225256207 -0.00019044298338317326 0.0 
6 0.0 0.0 0.0 
7 0.0 0.0 0.0 
8 0.005319393505646457 -0.0004933213503716988 0.0 
9 0.005479314806779414 -0.0005107557534622562 0.0 
10 0.005317258883667439 -0.00040498279943514056 0.0 
11 0.005356733856032826 -0.00042219758410090796 0.0 
12 0.00539766542517292 -0.00043931581121578564 0.0 
13 0.0007206809091558123 -0.00016693407606560175 0.0 
14 0.0006908160625464183 -7.302594365570147e-06 0.0 
15 0.0007034297237056506 0.00014930441626283017 0.0 
16 0.004799362496374615 -0.0003145897474168223 0.0 
17 0.004585042328982727 -0.00044533052210391064 0.0 
18 0.004237357390311779 -0.0005433888660511939 0.0 
19 0.003858171065060192 -0.0005856834165131302 0.0 
20 0.0034460635929706466 -0.00045851171849413657 0.0 
21 0.0031711605101754884 -0.0002774892372419897 0.0 
22 0.0030719353159623214 -0.00014367993935856383 0.0 
23 0.003159880925516149 -7.513100842045558e-06 0.0 
24 0.0034157049881880786 0.00013623447097155044 0.0 
25 0.0038143813110665145 0.00024676533733643117 0.0 
26 0.0042222996840648 0.00020064499362701794 0.0 
27 0.00455104306571745 7.787581206473448e-05 0.0 
28 0.00478064624052842 -6.135198083441178e-05 0.0 
29 0.00043567108428950186 -0.00025716666306964316 0.0 
30 0.0004176885806458676 0.0002477488644342632 0.0 
31 0.0 0.0 0.0 
32 0.0 0.0 0.0 
33 0.0 0.0 0.0 
34 0.005305754407352522 -0.0004435604775819441 0.0 
35 0.005465664098912963 -0.00048054403777489347 0.0 
36 0.005361496091772203 -0.0004960524814644523 0.0 
37 0.00539914403966172 -0.0005020666491182066 0.0 
38 0.005441485766550067 -0.0005080427727700084 0.0 
39 0.005370430253384105 -0.00043817573570788525 0.0 
40 0.0052885192518373845 -0.0004138784211617128 0.0 
41 0.005191370869368538 -0.00038354230682823953 0.0 
42 0.005067869210399432 -0.00034888948779981504 0.0 
43 0.004910236624974892 -0.0003165120180463086 0.0 
44 0.004650013495867403 -0.00031751926409319934 0.0 
45 0.004307386535519468 -0.000517847159878806 0.0 
46 0.004030951547085109 -0.0007554593371937953 0.0 
47 0.0037257540469542785 -0.0005577897682165402 0.0 
48 0.0032494896361703555 -0.0003655740424933088 0.0 
49 0.0028076622079832307 -0.00035255114414406587 0.0 
50 0.002407090123469933 -0.0003627752857913146 0.0 
51 0.0020118561675306164 -0.00036780863909515664 0.0 
52 0.0016073090644310318 -0.0003685952572496537 0.0 
53 0.0011973097934795073 -0.0003660327574649652 0.0 
54 0.0011426172588809844 0.00032060570099955995 0.0 
55 0.0015372326944121301 0.0002938141182111374 0.0 
56 0.0019311783343712644 0.00025639933664190097 0.0 
57 0.002319751761862269 0.00020956511950563988 0.0 
58 0.002712567533063047 0.00015327433945248206 0.0 
59 0.0031535957066888454 0.00012562430380389823 0.0 
60 0.0036289367054147927 0.0002590477932479508 0.0 
61 0.003957298595126691 0.00042434871035847155 0.0 
62 0.004229947290649577 0.00012934165963081174 0.0 
63 0.004552293626544121 -0.00011235575913951346 0.0 
64 0.004790225603249244 -0.00017093262517633415 0.0 
65 0.004933589067586863 -0.0001977097296748116 0.0 
66 0.005046680126117202 -0.00023148670292559616 0.0 
67 0.005136302311988333 -0.0002748094695302909 0.0 
68 0.005212210978523281 -0.0003277747502298484 0.0 
69 0.0029761043488606485 -0.0001290734295240978 0.0 
70 0.004893914396694454 -0.00023243306836181742 0.0 
71 0.0019796384336360803 -9.527167721145334e-05 0.0 
72 0.005112431013693768 -0.00030475225925885347 0.0 
73 0.0025703300738964905 -4.8051764619179005e-05 0.0 
74 0.004757368891664062 -0.00017224552297016353 0.0 
75 0.004772309967418507 -0.00022860532545731021 0.0 
76 0.00334616083793375 2.7276752807930855e-05 0.0 
77 0.0035514975574642404 -0.00041327647178045115 0.0 
78 0.004931626605886619 -0.00025138502786770984 0.0 
79 0.005250874181980183 -0.00035183367251783587 0.0 
80 0.0012730224013625894 6.860842675941339e-05 0.0 
81 0.0027447522622338814 -0.00019497581642176739 0.0 
82 0.004386156253242337 -0.0004726792960562509 0.0 
83 0.004167416596069037 0.0002408490584905173 0.0 
84 0.004403264266939657 3.641600084673169e-05 0.0 
85 0.002919300392348549 -3.768414606168179e-05 0.0 
86 0.0030887000988589182 -0.0002088034460966658 0.0 
87 0.005314153781824616 -0.0003981578316153998 0.0 
88 0.001229893606116508 -0.00016840432086714902 0.0 
89 0.0030935525266429465 -8.91903904951957e-05 0.0 
90 0.003292218045106633 -7.669478282929159e-06 0.0 
91 0.003063359620844331 -0.00012096505563658704 0.0 
92 0.005027846033960257 -0.000256767438012318 0.0 
93 0.005001741646673034 -0.00025981246161347363 0.0 
94 0.004888700283097573 -0.00022440954831981643 0.0 
95 0.005128694765976201 -0.00028802888355994484 0.0 
96 0.004888184426055295 -0.00021042897190794304 0.0 
97 0.004872464113576639 -0.00020645793864098466 0.0 
98 0.004831839461106879 -0.00020923982793605167 0.0 
99 0.0048275958468967555 -0.00022938787408573384 0.0 
100 0.004817093817545037 -0.00016516974364881592 0.0 
101 0.0021538063038009938 6.177743666698567e-05 0.0 
102 0.0017607108033905047 9.436533126936274e-05 0.0 
103 0.005033992897456958 -0.00028178904003830113 0.0 
104 0.004937416178019431 -0.00023752517552181533 0.0 
105 0.004513501869407349 -0.0003799338066726451 0.0 
106 0.004607358403362116 -0.00032290181628651923 0.0 
107 0.004664805379658884 -0.0002845613564462656 0.0 
108 0.0024603663183090565 6.649986418232962e-05 0.0 
109 0.0022866740757428367 -6.298908000289114e-05 0.0 
110 0.005194086851477391 -0.00031526330464317574 0.0 
111 0.005189069145912479 -0.0003261881652888274 0.0 
112 0.004153729070788795 0.00024066570036970756 0.0 
113 0.004297138190544812 0.00013615258077699784 0.0 
114 0.004046874827677444 0.00033076244589173116 0.0 
115 0.004984119595313472 -0.0002973884651949508 0.0 
116 0.005097385143279276 -0.0003199374965105695 0.0 
117 0.0016340395609192864 -1.68909300916303e-05 0.0 
118 0.0014131008878376025 0.00018616701838476628 0.0 
119 0.00461414757925008 -0.0001340778486927714 0.0 
120 0.004760707020435772 -0.0001992554269393504 0.0 
121 0.0028908245204247547 -0.0001442749791746733 0.0 
122 0.0026376060676113794 -0.00012323065295222213 0.0 
123 0.0028141091317504382 -9.559266914222885e-05 0.0 
124 0.0030089751345039944 -0.00015581995046009756 0.0 
125 0.0029202000232760993 -0.00019836739882133972 0.0 
126 0.0027377881423998208 -4.198687139309426e-05 0.0 
127 0.0029555171500105478 -8.936960307745269e-05 0.0 
128 0.0035430215748614683 0.00014283129379594466 0.0 
129 0.0037318434248825964 0.00026537297974742056 0.0 
130 0.003944620346271942 0.00032973063514665855 0.0 
131 0.0038475392314833608 -0.0006185175154889062 0.0 
132 0.003678338961977388 -0.00050959656204135 0.0 
133 0.003996754891420221 -0.0006649517942833109 0.0 
134 0.004844517769151188 -0.00023065860626836354 0.0 
135 0.005202355255139085 -0.0003605343134356499 0.0 
136 0.0023715670013498683 -0.0001580832475766316 0.0 
137 0.0018003552094302301 -0.00022721053126364206 0.0 
138 0.0021978017316724528 -0.00023099885190988872 0.0 
139 0.005310148087714147 -0.00038987465592449795 0.0 
140 0.00526716388793734 -0.000363422776772046 0.0 
141 0.0031162651867370572 -3.362367333255185e-05 0.0 
142 0.0009913744177592328 0.0002010532730105794 0.0 
143 0.000989338003722285 3.188031676681392e-05 0.0 
144 0.002596065201570128 -0.0002727667018902004 0.0 
145 0.0026546244791322607 7.83589690809941e-05 0.0 
146 0.0030362638238421915 3.8257057554727744e-05 0.0 
147 0.004043418850832889 0.00027190577154310037 0.0 
148 0.004222224904413475 -0.000583661646663117 0.0 
149 0.004173710630433021 -0.0006297355909517042 0.0 
150 0.005221140422923902 -0.000353256974065462 0.0 
151 0.005303261257085204 -0.00040370312915737674 0.0 
152 0.004826815783687304 -0.00026314644986622654 0.0 
153 0.0014258173126653808 -0.00027252302333904754 0.0 
154 0.001615943864575383 -0.0001283547010672684 0.0 
155 0.0031919248807161338 -0.00020375910195178615 0.0 
156 0.003055992538669589 -0.00015428365188163479 0.0 
157 0.0029812803112000117 -0.0002693162405866289 0.0 
158 0.0052845537177348325 -0.00037529826775431604 0.0 
159 0.0032923937587917367 -0.0002701651136213905 0.0 
160 0.0034059793140972616 -0.0003375274384961287 0.0 
161 0.001249057841822759 -4.953911983066481e-05 0.0 
162 0.005377145483230906 -0.00043261410942057124 0.0 
163 0.0053418268583830105 -0.00040632728970810213 0.0 
164 0.0009647786617188885 -8.636371026195624e-05 0.0 
165 0.0009955094917592023 -0.00025704018532013727 0.0 
166 0.004666990854675851 -9.040028837128847e-05 0.0 
167 0.004681689743398634 -0.0002990749649455342 0.0 
168 0.004440764832351022 -0.00045017604218832027 0.0 
169 0.004318074046244445 0.00015437825742048973 0.0 
170 0.004597756292392905 -9.043254384811921e-05 0.0 
171 0.004472810974703216 -4.4623712346236424e-05 0.0 
172 0.003282019505174966 7.693557923848458e-05 0.0 
173 0.004432486096576675 4.118358902383422e-05 0.0 
174 0.003187958297219952 -0.0002877109893931122 0.0 
175 0.0034172558557240256 -0.0003804868006102075 0.0 
176 0.0031353730347293326 -7.910723943194458e-05 0.0 
177 0.004979029053824081 -0.00024829330754981885 0.0 
178 0.005067734855746971 -0.0002580654800388223 0.0 
179 0.004868834575163399 -0.00020866183388757738 0.0 
180 0.004857865905633582 -0.0001992471867444556 0.0 
181 0.0019520862450483798 0.00013787991242963536 0.0 
182 0.004989178471430279 -0.0002596136168963187 0.0 
183 0.004591476800205616 -0.00032463723119219946 0.0 
184 0.0022997851357030455 2.2454045102781226e-05 0.0 
185 0.005172314123882405 -0.0003092520288970089 0.0 
186 0.004164207689096264 0.0002423688742890304 0.0 
187 0.00504310122960656 -0.0002982034755563706 0.0 
188 0.0016031177924102464 8.835561608872464e-05 0.0 
189 0.0047453505163679 -0.00019334417191140522 0.0 
190 0.004805605347935315 -0.00020088855963543397 0.0 
191 0.0027761297269068112 -0.00011933786549385608 0.0 
192 0.002946502731171349 -0.00016502826880817803 0.0 
193 0.0028385852488014784 -7.841874118802025e-05 0.0 
194 0.0037587623127577556 0.00025888849400253227 0.0 
195 0.0038522078324389926 -0.000609846907697596 0.0 
196 0.004895446767305924 -0.0002219311887961343 0.0 
197 0.005163861523453867 -0.00035503752595187563 0.0 
198 0.0024385149649327935 -0.00011479102805639802 0.0 
199 0.002006433820123592 -0.00027568276375515604 0.0 
200 0.00529976521562186 -0.0003858715777207584 0.0 
201 0.005226921977552086 -0.00033493163579099647 0.0 
202 0.003056282509761298 -7.528154852773803e-05 0.0 
203 0.0008939515921971089 0.00013050266310893864 0.0 
204 0.0011840485837572422 0.00023801952836319533 0.0 
205 0.0023880448951387264 -0.00022040812703647615 0.0 
206 0.0026220720828282295 3.238875240070084e-05 0.0 
207 0.0028083523628191377 8.665391385664307e-05 0.0 
208 0.004008373728727322 0.00032475317160680575 0.0 
209 0.004117076636736343 -0.0006503088495057558 0.0 
210 0.005244093111056776 -0.0003727633784788168 0.0 
211 0.004903941768861507 -0.0002894790452705441 0.0 
212 0.001615429335619127 -0.0002093184098505657 0.0 
213 0.003078491795956493 -0.00016642054144610588 0.0 
214 0.0028012402182562195 -0.0002965176582571517 0.0 
215 0.003050944496645166 -0.0001378586676465937 0.0 
216 0.00523435505321155 -0.0003514670558650502 0.0 
217 0.003297828627722331 -0.00026210564158937814 0.0 
218 0.0015024393621673195 -6.46480120888975e-05 0.0 
219 0.0053527928257549335 -0.00042515878274284463 0.0 
220 0.00537380704394905 -0.0004261000297387881 0.0 
221 0.0008935511652993873 -0.00017184587588880133 0.0 
222 0.0012084561609720548 -0.00030002458985450305 0.0 
223 0.004762759488407781 -0.00011880041514410296 0.0 
224 0.0047787584861217385 -0.00026734962270386515 0.0 
225 0.0034254086000415915 8.180687408272305e-05 0.0 
226 0.0035306721606407805 -0.00042298436852713156 0.0 
227 0.0043226205261952255 -0.0005351245914674698 0.0 
228 0.004204356019207183 0.0002108456669835659 0.0 
229 0.004558662488876744 -9.155484992742049e-05 0.0 
230 0.0047882270741325065 -0.0002460710088141101 0.0 
231 0.0031487894833857623 2.0442493400206524e-05 0.0 
232 0.005314684346745598 -0.0003904974363854382 0.0 
233 0.0010686677734413085 -3.472934656661743e-05 0.0 
234 0.004349488804539886 0.000114351990019761 0.0 
235 0.004572352034119049 -5.198826318779496e-05 0.0 
236 0.0030298229247189947 -0.00024567146584909323 0.0 
237 0.0033047480612294735 -0.0003091264964485731 0.0 
238 0.004339904805855493 -0.0005058172626124659 0.0 
239 0.0036615990930989398 -0.0005148729373877014 0.0 
240 0.0035402322396764704 0.00019394845208158424 0.0 
241 0.004291637241569937 0.00010353850979072096 0.0 
242 0.004587998332822461 -0.0003520771483037022 0.0 
243 0.00034121092591297785 -0.00010261439111724703 0.0 
244 0.00033311883687458285 9.882920876140965e-05 0.0 
245 0.0005607697224385025 -0.00022139922718217566 0.0 
246 0.0005164720456170344 -7.275629257449231e-05 0.0 
247 0.00015744245223852808 -2.1111717721467082e-05 0.0 
248 0.00017585135071927186 -8.681049929360654e-05 0.0 
249 0.0005412396484712236 0.00020947009047695718 0.0 
250 0.00016966444564388243 8.482895659371287e-05 0.0 
251 0.00015596511956257543 2.1135415798556112e-05 0.0 
252 0.0005100183332731345 6.46385582769123e-05 0.0 
253 0.0003280942652603718 -9.136513342161358e-07 0.0 
254 0.0005967501624673788 -0.00015219351934435074 0.0 
255 0.00010773735794494029 -3.1718152719289394e-05 0.0 
256 0.0003657515223820923 0.00018615569785353052 0.0 
257 0.00032935483343085684 3.0298348322991385e-05 0.0 
258 0.0003318498017655098 -3.289526064131376e-05 0.0 
259 0.00038014132103103733 -0.00019336618895989286 0.0 
260 0.0005824307113534642 0.00014027927533269148 0.0 
261 0.00010529712786979807 3.179687106328508e-05 0.0 
262 0.00534864186493562 -0.00045277818223792184 0.0 
263 0.005428684681440664 -0.0004713552641970317 0.0 
264 0.005313026975135209 -0.0004228952730936483 0.0 
265 0.005355699538974889 -0.0004351451134036299 0.0 
266 0.005376944923260757 -0.0004791179975105723 0.0 
267 0.005336249597563611 -0.0004716746059804228 0.0 
268 0.005433007108518736 -0.00046119349509624085 0.0 
269 0.005456202685194395 -0.0004924163196514692 0.0 
270 0.00541696059229461 -0.0004850332316120429 0.0 
271 0.005395838116206216 -0.0004491321903605337 0.0 
272 0.005389942213250886 -0.0004621041869704048 0.0 
273 0.005330152426162034 -0.00042105041796041727 0.0 
274 0.005359577367964401 -0.0004826396339347996 0.0 
275 0.005453672716072806 -0.00047768507541068447 0.0 
276 0.005402863433623718 -0.00046524552659357607 0.0 
277 0.005376158823124552 -0.0004589629044523692 0.0 
278 0.005320429325625739 -0.0004464002280367366 0.0 
279 0.005410361442273249 -0.00044982155045415094 0.0 
280 0.005439574169648911 -0.0004948025550466277 0.0 
$EndNodeData