$MeshFormat
2.2 0 8
$EndMeshFormat
$NodeData
1
"Desplazamientos"
1
0.
3
0
3
280
1 -0.158872321199083 -0.1311103195715904 0.0 
2 -0.5657290305559188 -3.941195029931327 0.0 
3 0.5656299144948823 -3.9412358371105833 0.0 
4 0.15794903740371008 -0.13150782615005455 0.0 
5 -0.00024430260174451815 -1.9843888857882688 0.0 
6 0.0 0.0 0.0 
7 0.0 0.0 0.0 
8 -0.5663119523629245 -4.509126020748872 0.0 
9 0.5662102099020321 -4.509119081075243 0.0 
10 -0.28232314293637095 -3.9408214052328727 0.0 
11 -4.228663084182444e-05 -3.9406505586163663 0.0 
12 0.2822281847371364 -3.9408516918194874 0.0 
13 0.07308666525810231 -0.11354944778114191 0.0 
14 0.0001772225513800927 -0.10334520299135203 0.0 
15 -0.07262836930250219 -0.11327729756850666 0.0 
16 0.10966945775198345 -1.9568150576834404 0.0 
17 0.19368709594498396 -1.8784898641430845 0.0 
18 0.23510283803740295 -1.7631935157250418 0.0 
19 0.22760384855299343 -1.6334360866409976 0.0 
20 0.17359216700143057 -1.5169595326993606 0.0 
21 0.09198315456234836 -1.436768119025619 0.0 
22 0.00020958381741348366 -1.4086690500768608 0.0 
23 -0.09233208677835043 -1.4369259855089365 0.0 
24 -0.17320882040277036 -1.5178872329345778 0.0 
25 -0.2277395863804973 -1.6338966895485927 0.0 
26 -0.23503951831494876 -1.7637152320722693 0.0 
27 -0.19370765683724034 -1.879347502586124 0.0 
28 -0.10995897406586058 -1.9572842283356298 0.0 
29 0.08715008280539847 -0.05978181415701917 0.0 
30 -0.08722090709503669 -0.059545875923005656 0.0 
31 0.0 0.0 0.0 
32 0.0 0.0 0.0 
33 0.0 0.0 0.0 
34 -0.5663313522303071 -4.225404638406778 0.0 
35 0.5662272575418466 -4.225412975376925 0.0 
36 -0.2829472608125039 -4.508862969165544 0.0 
37 -3.9288561692193375e-05 -4.508736957142977 0.0 
38 0.28286072603323 -4.508857703399121 0.0 
39 0.5645100293682872 -3.6569113322311373 0.0 
40 0.5616754381984402 -3.372863681719109 0.0 
41 0.5577840826764744 -3.09021350199006 0.0 
42 0.551716467903087 -2.809557868186264 0.0 
43 0.5439882964118239 -2.532156093603279 0.0 
44 0.5345342511651213 -2.258669951540347 0.0 
45 0.5259059830631269 -1.9862849198251307 0.0 
46 0.5140504130509959 -1.7037874915364224 0.0 
47 0.4872437887517339 -1.4266025714990036 0.0 
48 0.4526639554888604 -1.1765201672980743 0.0 
49 0.4192486244003624 -0.9503801403598099 0.0 
50 0.3796250141202227 -0.7391143472613134 0.0 
51 0.33649163828558865 -0.5496644212641376 0.0 
52 0.2850566715682009 -0.3812922193863626 0.0 
53 0.22562184162512666 -0.24224091461303981 0.0 
54 -0.22570607077653063 -0.24253796540838451 0.0 
55 -0.28526912222423756 -0.38127565708188493 0.0 
56 -0.3360715622516765 -0.5500100183500447 0.0 
57 -0.3788488751445468 -0.7379417817802767 0.0 
58 -0.41813482432312177 -0.9513713378709848 0.0 
59 -0.4524573961543326 -1.1769945854074926 0.0 
60 -0.48758004241656266 -1.4262682993098301 0.0 
61 -0.5139531017368129 -1.7046851482681862 0.0 
62 -0.5258511338885666 -1.9868129646118495 0.0 
63 -0.5342539494210473 -2.258820736966972 0.0 
64 -0.5440988502317085 -2.531915259651929 0.0 
65 -0.5517346902794183 -2.8094327084634814 0.0 
66 -0.5578636006969954 -3.0901564378417183 0.0 
67 -0.5617079403169462 -3.3728150221764785 0.0 
68 -0.5645853365981631 -3.656822367173841 0.0 
69 -0.009402456723362578 -1.2182319678014377 0.0 
70 -0.12458206780495137 -2.470271475545884 0.0 
71 0.04353075740935357 -0.5278295764614336 0.0 
72 0.032360581233589925 -3.0493238025403167 0.0 
73 -0.0724932301235941 -0.857640732857208 0.0 
74 -0.16872530187534746 -2.1176641896899193 0.0 
75 0.18456277924354064 -2.114057506664652 0.0 
76 -0.2407133737043744 -1.36207586719109 0.0 
77 0.29734327897027774 -1.4136472265342281 0.0 
78 0.23615187491711895 -2.536823690449593 0.0 
79 -0.15569944857593251 -3.560812081974075 0.0 
80 -0.062461295750964964 -0.2601452320565889 0.0 
81 0.19413878950856703 -0.9379472027509493 0.0 
82 0.3300839483401422 -1.9219152264357207 0.0 
83 -0.33173255984787137 -1.804899798789467 0.0 
84 -0.357297136752284 -1.9920751613246936 0.0 
85 -0.19529986757265066 -1.0860012443784257 0.0 
86 0.20940651573602295 -1.1731959190741472 0.0 
87 0.22604191026535728 -3.5993962884717505 0.0 
88 0.09562244343036103 -0.24194782394465653 0.0 
89 -0.11964306817354055 -1.2891570552005882 0.0 
90 -0.16554493613807783 -1.4007545184805732 0.0 
91 -0.05094032727641593 -1.3274036641560916 0.0 
92 -0.26012117157423775 -2.9284857793566035 0.0 
93 -0.04771450414067331 -2.7584465989512363 0.0 
94 -0.33541247650191475 -2.6393484342076587 0.0 
95 -0.262215960749188 -3.2107233287104378 0.0 
96 0.0336545741303553 -2.2906936679208156 0.0 
97 0.007502434881275436 -2.1151903018782012 0.0 
98 -0.14785982317600915 -2.2932939188462904 0.0 
99 0.09085612391782792 -2.047734715521386 0.0 
100 -0.08348014111986453 -2.0497191400975274 0.0 
101 -0.14848249420931403 -0.6278106790631689 0.0 
102 -0.1326319983794989 -0.4463092773974028 0.0 
103 0.13592805090337162 -2.7918356299211657 0.0 
104 0.05486520673543112 -2.503199208735683 0.0 
105 0.43258995692956753 -2.0911645854800063 0.0 
106 0.25715465866730214 -2.0187886589761708 0.0 
107 0.3575361704277464 -2.1864483486337165 0.0 
108 -0.22883919086527663 -0.7953302000572885 0.0 
109 -0.00866828891483729 -0.6871219659333209 0.0 
110 -0.3586973511663574 -3.466595690001852 0.0 
111 -0.061102360206570644 -3.304763894072638 0.0 
112 -0.4353634968671896 -1.8495405537686795 0.0 
113 -0.3448045111165464 -1.8992271096519238 0.0 
114 -0.4222439672091901 -1.7544153062987695 0.0 
115 0.39245426730451044 -2.6729893922095473 0.0 
116 0.2923190431939775 -2.928745521422066 0.0 
117 -0.01904766635251957 -0.3858127524048099 0.0 
118 -0.1618690200677213 -0.3174569416282955 0.0 
119 -0.3494535521614541 -2.188283235035338 0.0 
120 -0.32950481329795944 -2.363644274786167 0.0 
121 0.09624879409410993 -1.0746696160494442 0.0 
122 0.057844010853441305 -0.8973165718698926 0.0 
123 -0.043425770157487706 -1.032408436477905 0.0 
124 0.09816136983978062 -1.1955512351727884 0.0 
125 0.20263668483247455 -1.0542814341378395 0.0 
126 -0.1312455050591679 -0.9705110791489431 0.0 
127 -0.10235616781951443 -1.1515155038674278 0.0 
128 -0.23618629060907828 -1.4929967230789738 0.0 
129 -0.3717081154731239 -1.5289831661313666 0.0 
130 -0.370275268584478 -1.6693943988160078 0.0 
131 0.40265030286947234 -1.556434296325602 0.0 
132 0.2650982230226292 -1.5198143394736803 0.0 
133 0.3703268728246594 -1.6688828746195816 0.0 
134 0.21094480270474966 -2.324837247590736 0.0 
135 0.29485095696501956 -3.210888754766465 0.0 
136 0.11218268262944645 -0.7245932765814406 0.0 
137 0.17329944994650132 -0.44924856072452357 0.0 
138 0.19757208555011413 -0.6304837078444695 0.0 
139 -0.07810209437833611 -3.7507383515616675 0.0 
140 -0.3601255402052588 -3.7510531019280156 0.0 
141 -0.21821799212715037 -1.2218901159359048 0.0 
142 -0.12650807304491607 -0.18567350185386536 0.0 
143 -0.024813034400616482 -0.17592692668961402 0.0 
144 0.29228234533724773 -0.8356642424693149 0.0 
145 -0.2971880526666656 -0.9053689434223224 0.0 
146 -0.31946619933437487 -1.1308319931691988 0.0 
147 -0.28007717390124975 -1.7199292499787926 0.0 
148 0.28020213516047393 -1.780187694846975 0.0 
149 0.42145936349163576 -1.8131139886307643 0.0 
150 0.1286516788472737 -3.3240268782650144 0.0 
151 0.39393202936912197 -3.4859575447800624 0.0 
152 0.38584854539073427 -2.3970067692437107 0.0 
153 0.17983131382805292 -0.30891218948710264 0.0 
154 0.0783495910747904 -0.3746987214701185 0.0 
155 0.15346039309689583 -1.3042245373153674 0.0 
156 0.041646760610553 -1.327362499436831 0.0 
157 0.3167667419676352 -1.055843938416528 0.0 
158 0.03504005203798086 -3.580030184733271 0.0 
159 0.2512758977574965 -1.2904358016925226 0.0 
160 0.19175960442637824 -1.4259262569095295 0.0 
161 0.018335664727969325 -0.2499839321020627 0.0 
162 0.39549114614138553 -3.7704166434880437 0.0 
163 0.11324806613424385 -3.7699964293880353 0.0 
164 0.03868196515336855 -0.16742509916914178 0.0 
165 0.1379412022873095 -0.18000797275330455 0.0 
166 -0.1819958585262002 -1.999654896318169 0.0 
167 0.18964904495556129 -1.9974978057448467 0.0 
168 0.2602627540459332 -1.8997911886143946 0.0 
169 -0.26089188754006426 -1.84196601418607 0.0 
170 -0.26257484371154094 -2.055155092639698 0.0 
171 -0.4460822430217642 -2.125988696981066 0.0 
172 -0.3512808341699432 -1.267886144408956 0.0 
173 -0.2740018888053506 -1.9351499099515685 0.0 
174 0.32987077818204963 -1.1743715768063991 0.0 
175 0.37954450433180925 -1.2927938254028668 0.0 
176 -0.11123988208729338 -1.338625963321745 0.0 
177 -0.21443046320072018 -2.774971945716178 0.0 
178 -0.3597398999618983 -3.07619865117082 0.0 
179 -0.035188871662376095 -2.2325699162317183 0.0 
180 0.004907453084375952 -2.070984696722135 0.0 
181 -0.20464158622738318 -0.5380423638681848 0.0 
182 0.047782671589910224 -2.684208095061828 0.0 
183 0.34879921906604233 -2.0987652900795206 0.0 
184 -0.12768319952046595 -0.701280754446067 0.0 
185 -0.2272147153031439 -3.327203859125047 0.0 
186 -0.4008050157310994 -1.8346411979176167 0.0 
187 0.2735825302435498 -2.797523133334938 0.0 
188 -0.10570632094222548 -0.38046497739253204 0.0 
189 -0.2753998542167855 -2.2814414833955334 0.0 
190 -0.4029000064501931 -2.511343426446421 0.0 
191 0.037150415596656196 -1.0004695735745681 0.0 
192 0.13255064127555458 -1.107452489156075 0.0 
193 -0.09283750459953469 -1.0505682310232336 0.0 
194 -0.3255714530311706 -1.5630123527240918 0.0 
195 0.3458219649733748 -1.5811681963464082 0.0 
196 0.09970216121573229 -2.3724492084686437 0.0 
197 0.3813942289568227 -3.0763759704741123 0.0 
198 0.053568419249678215 -0.7679806150137866 0.0 
199 0.23499252307169682 -0.5403716616352242 0.0 
200 -0.24012089035618875 -3.81417431685088 0.0 
201 -0.42763906735738105 -3.624799064200949 0.0 
202 -0.14648931013832353 -1.220322947550542 0.0 
203 -0.07490483720795865 -0.15538875066702743 0.0 
204 -0.1714158790683825 -0.2457456904478313 0.0 
205 0.1999814720571097 -0.7282418493911158 0.0 
206 -0.21947143588046822 -0.8889063418588198 0.0 
207 -0.3455727234805566 -0.9945044278541304 0.0 
208 -0.35749922592505784 -1.7147725412550756 0.0 
209 0.35726267142814383 -1.7543196072997402 0.0 
210 0.2723938188933106 -3.340148155204125 0.0 
211 0.44079677179731086 -2.5337717790512335 0.0 
212 0.1445232358185401 -0.37508617648392634 0.0 
213 0.0972174069937195 -1.2754496276866456 0.0 
214 0.3426924443137349 -0.9457876079754601 0.0 
215 -0.0030201578759002966 -1.35982145050193 0.0 
216 0.034186822587392855 -3.4028530128982526 0.0 
217 0.1986183296996949 -1.3393467997733226 0.0 
218 0.025748748514034324 -0.3345664678443861 0.0 
219 0.4512040561382193 -3.6377426741267955 0.0 
220 0.26358451112581516 -3.827066011987342 0.0 
221 0.08291469370273248 -0.15130415439790618 0.0 
222 0.18105406553918624 -0.24118012487964377 0.0 
223 -0.12284323125074208 -1.9979411738290545 0.0 
224 0.1277477922678891 -1.9963759010833664 0.0 
225 -0.18827364374259484 -1.4716266856643931 0.0 
226 0.20670168259781888 -1.4890587002145215 0.0 
227 0.2548377144841016 -1.8139442092526041 0.0 
228 -0.25444546694892234 -1.7743230943587807 0.0 
229 -0.3523804662822458 -2.123161758148984 0.0 
230 0.31806110280907784 -2.3025264714836675 0.0 
231 -0.2959703601137063 -1.2057552468069184 0.0 
232 0.02340483519316069 -3.70024345171194 0.0 
233 0.010686004777201379 -0.19576204664498575 0.0 
234 -0.2931478323169876 -1.8924357259210638 0.0 
235 -0.23932510922721034 -1.9966745871920517 0.0 
236 0.2826404252534536 -1.094135803678369 0.0 
237 0.3201656501786337 -1.2516990933389067 0.0 
238 0.4599200738697291 -1.9642994694976639 0.0 
239 0.42281414018507246 -1.4231963050791254 0.0 
240 -0.40285805590218476 -1.4055135805991172 0.0 
241 -0.469046703006358 -1.9880999568647308 0.0 
242 0.2357763662434925 -1.972144618982453 0.0 
243 0.0354469366783857 -0.03529207975855717 0.0 
244 -0.035401673629308975 -0.035061946636608374 0.0 
245 0.08637296221797146 -0.08025487854297482 0.0 
246 0.027774793831942736 -0.06434941996325927 0.0 
247 0.006398348685822198 -0.009203841475506454 0.0 
248 0.028419356052585283 -0.017091843613530014 0.0 
249 -0.08649368848307805 -0.07984238688520676 0.0 
250 -0.028464851292695603 -0.01695332751483556 0.0 
251 -0.006359021619463193 -0.009144647076678225 0.0 
252 -0.027507125551125385 -0.06422507947508257 0.0 
253 6.803805516479728e-05 -0.026886609616632005 0.0 
254 0.06168570550602473 -0.08352694310017811 0.0 
255 0.010872085391685733 -0.005450060412009116 0.0 
256 -0.06575473709053531 -0.049683902062650755 0.0 
257 -0.010747942826235105 -0.03033203220600398 0.0 
258 0.010878982578850609 -0.0303998878328512 0.0 
259 0.06560764396404502 -0.04996403814839593 0.0 
260 -0.061449287783035496 -0.08322991725316181 0.0 
261 -0.01086939325864914 -0.005363653029665063 0.0 
262 -0.2828260764027924 -4.22519627749418 0.0 
263 0.28273956944344575 -4.22520329737761 0.0 
264 -0.42426327637672134 -4.083203883281358 0.0 
265 -0.14128059630140008 -4.082991751050027 0.0 
266 -0.14143286222640977 -4.367062737165979 0.0 
267 -0.42454403566679044 -4.367236084632545 0.0 
268 0.4241682701030584 -4.083225149210244 0.0 
269 0.4244502997827882 -4.367236620209488 0.0 
270 0.14135168599325906 -4.367062736125491 0.0 
271 0.14119680641701468 -4.0830002634966895 0.0 
272 -3.9961246904582614e-05 -4.225192556663819 0.0 
273 -0.2825772190241421 -4.035703971376931 0.0 
274 -0.2829395293997145 -4.414426358094966 0.0 
275 0.47159057139189725 -4.22534043203163 0.0 
276 0.09418242828076719 -4.225140033589618 0.0 
277 -0.09426294719267195 -4.225137553486332 0.0 
278 -0.4716868405971272 -4.225330995930574 0.0 
279 0.2824864252253168 -4.035723123296479 0.0 
280 0.28285299326499286 -4.414425177740626 0.0 
$EndNodeData