$MeshFormat
2.2 0 8
$EndMeshFormat
$ElementData
1
"sigma_yx"
1
0.
3
0
1
249
9 -1.3288624564892437
10 -0.4442749823837815
11 -0.8816283785048675
12 -0.22696763326150915
13 -0.3675423470527299
14 -0.41104574888789713
15 -0.10870491619719758
16 -0.2990056869346098
17 -0.14853672716641952
18 -0.732078151063126
19 -0.7935098452798304
20 -0.9212442096909825
21 -0.9040652396752265
22 -0.7551244041193925
23 -0.5322254053622828
24 -0.34660667706840087
25 -0.9274512895793467
26 -0.4347227718594908
27 -0.4350073697750467
28 -0.4941581438747207
29 -0.5908290321650043
30 -0.045183554989542074
31 -0.360648061405648
32 -0.36562048915914147
33 -0.5195703780893641
34 -0.9798770859211636
35 -1.1577245550097182
36 -0.1315619525427536
37 -0.21135789819165396
38 -0.3048221312993249
39 -0.39076823692422735
40 -0.3170334983663494
41 -0.49005623648651664
42 -0.19401664501600635
43 -0.32050971130018624
44 -0.3660255103769252
45 -0.9339250742807756
46 -0.9318273158085937
47 -0.6753137526803616
48 -0.5153801073197926
49 -0.5257597241517011
50 -0.21324890315758083
51 -0.14262091280840394
52 -0.3889266120757142
53 -0.14046909726211254
54 -1.2684929660589042
55 -1.0869463117877665
56 -1.0600965134718283
57 -1.2928991982395353
58 -0.888475322650546
59 -0.8663161753828454
60 -0.8210971215167966
61 -0.6435114837931266
62 -1.0932321400495795
63 -0.7668339772678223
64 -0.3510933253519113
65 -0.731792473085946
66 -0.5735825998598116
67 -0.4586709947671306
68 -0.8266672920564169
69 -0.613146790129047
70 -0.4761606851384883
71 -0.6162939701792549
72 -0.15235050665372185
73 -0.32015449403490237
74 -0.12919718825156679
75 -0.865006264354923
76 -0.7957018432074161
77 -0.8863013617555282
78 -0.38877076544101463
79 -0.8905562058703289
80 -0.3798779345189889
81 -0.12980482885116018
82 -0.13549300029694678
83 -0.055254379955865573
84 -0.03299297045553118
85 -0.1293886633582737
86 -0.07381878506278028
87 -1.1184945629616347
88 -0.5845708001454053
89 -0.47702808642601013
90 -0.7116946343772756
91 -1.192847264322693
92 -1.3426337578797725
93 -0.2076443010784459
94 -0.6894851290117501
95 -0.36388503653402005
96 -1.117360218713614
97 -0.8317245698853988
98 -0.4991448408204793
99 -0.6247331628529125
100 -0.6927599359402627
101 -0.8012836027924344
102 0.137341015315382
103 -0.15109532648071955
104 -0.2515151733375731
105 -0.6595547976508591
106 -0.7499430976017294
107 -0.9221438808837448
108 -1.0770505413075
109 -0.7477832107201756
110 -0.7259539052898702
111 -0.33437612754450186
112 -0.24405718621718364
113 -0.16084091276653467
114 -0.04591213117280546
115 -0.2441292134989581
116 -0.10455743815824903
117 -0.5428541922166055
118 -0.8784010096933503
119 -0.8856388837121667
120 -1.3330539997234787
121 -1.1553923121737917
122 -1.5948182056630245
123 -0.3072682719364792
124 -0.5192887914249535
125 -0.10064940568606318
126 -1.4709689998854394
127 -1.7238392201557247
128 -1.3207729956441163
129 -0.23754912337325962
130 -0.25147087258036294
131 -0.29461096929386343
132 -0.3453437972614566
133 -0.6273700868465557
134 -0.9610599776520239
135 -1.2587983609291555
136 -1.391886918152232
137 -1.375254574241663
138 -0.09869191538271949
139 -0.17815257950700314
140 -0.06675026996692068
141 -0.11086672086137384
142 -0.18058654441062671
143 -0.175377272104825
144 -1.3331588184829375
145 -1.1748936093225142
146 -0.76616478953789
147 -0.38173211107336336
148 -0.7476504209805093
149 -0.24146092673313646
150 -1.3865359608585237
151 -0.9993001417286376
152 -0.6800873275611146
153 -0.7500221389570676
154 -0.7466471314755427
155 -1.2495840928167024
156 -1.5365845290379845
157 -0.6018096991946607
158 -0.48570768492211513
159 -1.3602367876350598
160 -0.7267281322274961
161 -1.822352600578606
162 -1.3376699433486081
163 -0.9106321886411095
164 -0.781262291674711
165 -0.9895478461200895
166 -1.1081075635725952
167 -1.8215494970473216
168 -0.4986003473730136
169 -0.29512222221157103
170 -0.005809220947064375
171 -0.34879668427801747
172 -0.31959578655303034
173 -0.1062052102632407
174 -0.1433067152291123
175 -0.36723343795772756
176 -0.06423580606739776
177 -0.18302538497568577
178 -0.22574492516265465
179 -0.2084598335722987
180 -1.0567423965534921
181 -1.097859212468113
182 -1.1337454497667228
183 -0.7306054802941375
184 -0.4774182414254504
185 -1.3286397338385925
186 -1.0446989166106917
187 -0.5576778002352487
188 -0.7150989126655496
189 -0.5752657656425093
190 -0.4488608792388895
191 -0.05116227627106262
192 -0.2648839056730452
193 -0.4200969104186125
194 -0.3538096531360928
195 -0.4432903327312374
196 -0.4130532032981158
197 0.07162579152458903
198 0.016915822898738497
199 -0.3083855883587958
200 -0.38193963576888734
201 -0.4918411961365017
202 -0.31801398174800966
203 -0.0026098835098906648
204 0.08415670583106305
205 -0.18801322724891278
206 -0.239331109117785
207 -0.5761165404390365
208 -0.5851887908213946
209 -0.9799399921945948
210 -0.4351442546763735
211 -0.7941819308376852
212 -1.1746999884061857
213 -0.707438841729809
214 -1.263226627106657
215 -1.2654434838731345
216 0.02161146530553637
217 -1.0571127008930437
218 -1.2655686897876262
219 -0.8233522395183059
220 -1.0700869479347914
221 -1.3861300885240464
222 -1.3945881017899762
223 -1.046907675132407
224 -0.7918477062494005
225 -1.057734793763676
226 -1.001987598778058
227 -0.08933220426998201
228 -1.1406573256968935
229 -0.7760537429136853
230 -0.3234643612209318
231 -1.486453189652148
232 -1.3730821104156288
233 -0.7779712540792284
234 -0.03325830684941167
235 -0.038401567736240594
236 -0.09055821529913999
237 -0.011511156845926962
238 -0.009533544799609217
239 0.01284066959104635
240 -0.052334096006230624
241 -0.0731080727489477
242 -0.014470486064055876
243 -0.05580868854784882
244 -0.0911361285787855
245 -0.11764126254931284
246 -0.09016810478537707
247 -0.0379857979894318
248 -0.032311164647559565
249 0.008599170204099948
250 -0.004238408604297916
251 -0.012894723594033763
252 -0.1409558986366548
253 -0.09872403462694024
254 -0.09498199772644966
255 -0.017942112950507294
256 -0.06231984820329828
257 -0.0338938407775764
$EndElementData