$MeshFormat
2.2 0 8
$EndMeshFormat
$ElementData
1
"sigma_x"
1
0.
3
0
1
249
9 0.0012708688683446823
10 0.0003791237497518807
11 0.0024354544019865865
12 -0.004864424868721351
13 -0.0011436104879127273
14 -0.002712689277451344
15 -0.003652210292382163
16 -0.002094789174950318
17 -0.004875121823238959
18 -0.002506536945759155
19 0.002052765532711217
20 -0.0036324083871911717
21 -0.0032708601169523233
22 0.0036519194443114366
23 -0.00016260252693546366
24 -0.03686093266669152
25 -0.01585049582981515
26 -0.041249129938447954
27 0.0005239243348222279
28 0.0021534823228893003
29 -0.0004246469261912217
30 0.009723274926249026
31 0.011307354694495286
32 0.010805196099648584
33 -0.024306167631293285
34 -0.01054054913156624
35 -0.004514956242581983
36 -0.0022877865850424173
37 -0.0011224892284170673
38 -0.0007212365127814667
39 -0.012428980697581027
40 -0.011325098968613556
41 -0.012573514331662539
42 0.005182435238451244
43 0.003951119460356478
44 0.001946358534915326
45 -0.006639757171639615
46 -0.017174329939884103
47 -0.03522636001112732
48 -0.005269858378993575
49 -0.007297068641532012
50 -0.009238295201752456
51 -0.007282826007022181
52 -0.005907663203955215
53 -0.00878156123873397
54 0.0010009252124337474
55 0.006602225467535666
56 -0.0012379988207880804
57 0.0019677877532731647
58 0.00876695061323457
59 0.011956254568704694
60 -0.0059553068826851754
61 -0.007504848431769434
62 -0.0017161921862319214
63 -0.010625483296942573
64 -0.014204601529147931
65 -0.020598876165133992
66 0.021023171231884796
67 0.017588125754342432
68 0.011691661532171327
69 0.0002981763153303771
70 0.004138471022575238
71 0.005546102277875692
72 0.004990840531550078
73 0.0025319137710420603
74 0.003744344075485906
75 0.0003906352113576799
76 0.010642676159231666
77 0.005968092766994421
78 0.04404798279716571
79 0.02427263560361287
80 0.039014591918657304
81 -0.00036118555691966314
82 -0.0006794371070072969
83 -0.0009696000455599318
84 -0.0013375742024512305
85 -0.0014281890389013982
86 -0.0023923379962288993
87 -0.0011497705885403497
88 -0.007553706150942724
89 -0.006501166270964032
90 -0.045529768912529384
91 -0.021950925774284355
92 -0.016792230484040067
93 -0.05347140701248655
94 -0.035360947022805185
95 -0.05900666726778182
96 0.014700865494983312
97 0.01862441930566794
98 0.028947171362207397
99 -0.028397323402127084
100 -0.016015761292470065
101 -0.01419507429229816
102 -0.03082919201095838
103 -0.022278146667709185
104 -0.035516272080235334
105 -0.014685188134509808
106 -0.015392416738359671
107 -0.01687995648516205
108 0.016717358543291372
109 0.013259323402072587
110 0.013893394573419593
111 0.0011803754318536197
112 0.0013961338815522417
113 0.00239353688008645
114 0.008766765984687064
115 0.006605721913776119
116 0.007422757525675283
117 0.039277642381898986
118 0.026115275058086362
119 0.016864319692125884
120 -0.0028922698846065254
121 0.0038561734335763598
122 3.11253063896063e-05
123 0.03578371217669157
124 0.02448439663038754
125 0.031237692164980457
126 -0.0004241416886574763
127 0.0001084060824299354
128 0.00034584101503692954
129 -0.00023926786392803462
130 0.0006559392112253509
131 0.00026873504001213855
132 0.010245690418880682
133 0.007844177654087514
134 0.0018853829979224787
135 0.00607759710778982
136 0.013617464030030753
137 -0.0021145007737529767
138 0.0024354634544169196
139 0.001559116772263558
140 0.0013099521540464454
141 0.0009946584153686655
142 0.0008736717311433884
143 0.00040886865570193036
144 0.019667629986537205
145 0.029787670098694805
146 0.04729164402386714
147 0.061169090770515896
148 0.041890111540743555
149 0.05510669062322429
150 -0.006485559602332797
151 -0.0061392795201006545
152 -0.0007674457643171206
153 0.0006496960131457952
154 0.0068592384373610815
155 0.006709345579754611
156 0.001495372296907993
157 -0.008707786785661475
158 -0.003751908427015893
159 0.005389597516723715
160 0.01144546028345561
161 -0.0021425917015188145
162 0.018210769344205013
163 0.013911988541891351
164 0.017999555729098504
165 -0.017212946072250407
166 -0.016632454973973865
167 -0.021513852174716463
168 -0.010783287445083278
169 -0.011115162899693054
170 -0.009688316643122752
171 0.007586320656277401
172 0.00624664871339542
173 0.009083273427398036
174 -0.012007397121939434
175 -0.01339084253567202
176 -0.024264312171063188
177 3.4320874183035865e-05
178 0.0003904222430109565
179 -0.0001980956154780389
180 -0.005918621992586928
181 0.013127229496754288
182 0.0011162704958313436
183 -0.012683490188921398
184 -0.011839517787045617
185 -0.013935815370688241
186 -0.010402197041852551
187 -0.012264492554479173
188 -0.00875242471846005
189 0.016449753248408527
190 0.015163998750504393
191 0.02378175069828964
192 0.02480974196158625
193 0.013781106891894268
194 0.016787530507413884
195 0.011625555399795429
196 0.011130593437931739
197 0.009302619904764386
198 0.03146228073212137
199 0.023105798537663234
200 0.02613046170831196
201 -0.025385320904251468
202 -0.020427281303180545
203 -0.0309500989341987
204 -0.009020989377615862
205 -0.010718746154574677
206 -0.011564019462847241
207 0.008763728773925394
208 0.012742968707866939
209 0.010656891079279085
210 0.052268053483460315
211 0.03935815324145858
212 0.0218364449232559
213 0.01775158707249759
214 0.03686227693004998
215 0.05078309812264223
216 -0.0694745787754315
217 -0.058028837190382446
218 -0.078694080719072
219 -0.004847427282362334
220 -0.021148103931662193
221 -0.005593707769933692
222 0.005827057867786082
223 0.021376445146120537
224 0.004994081618809255
225 0.07857109634944037
226 0.05795360616538618
227 0.06886748478603527
228 -0.021461982876253477
229 -0.03907142123058982
230 -0.05226929629117179
231 -0.05084932188303025
232 -0.03679842055598975
233 -0.017690577373181655
234 -0.0005463415116929715
235 -0.0003732860679753758
236 -0.0003373793425188741
237 -9.641725062442541e-05
238 -0.00017017949538317145
239 -0.0001341549409777376
240 0.0004999863921550385
241 0.00028202967972978943
242 7.625000307204255e-05
243 2.9535988237279614e-05
244 0.0001548795762443822
245 5.015235174712822e-05
246 -4.51778941248497e-05
247 -0.0001522659250096925
248 -2.8706516517771035e-05
249 -7.51755425897338e-05
250 -0.00028075929006904994
251 -0.0005023954576991452
252 0.0003494664119365054
253 0.0003797163271934134
254 0.000552511096709063
255 0.0001335518534416602
256 0.00017013573232116386
257 9.434868994225547e-05
$EndElementData