$MeshFormat
2.2 0 8
$EndMeshFormat
$ElementData
1
"sigma_y"
1
0.
3
0
1
249
9 0.04539367776300196
10 0.2409485655260255
11 0.2878245186798267
12 0.17943879529493145
13 0.07417850716501562
14 0.1135538660713209
15 0.1307301965526051
16 0.09725565431097039
17 0.16943482267984677
18 0.09522628850123738
19 -0.03803332440145368
20 0.14268370189861912
21 0.09768938107822578
22 0.002579328681633797
23 0.08730302842220761
24 0.9790719832759507
25 0.5073267935455661
26 1.1010682268288683
27 0.012069530804808437
28 -0.058513847154443965
29 0.03545852159709284
30 -0.213032703498925
31 -0.1341068682820179
32 -0.19902546662015652
33 0.6656405553120193
34 0.3008815202325721
35 0.26543245362962864
36 0.09819728519254411
37 0.06046658580736164
38 0.0619685834233934
39 0.3622271569483928
40 0.2563345330191851
41 0.28959960502800186
42 -0.10321926910041679
43 -0.0765808377007744
44 -0.04021133403612964
45 0.32974776934104355
46 0.4846058262374555
47 0.9502321241615412
48 0.22875384590238923
49 0.29241554826266736
50 0.35188595365460174
51 0.25997885669002585
52 0.23081102751768867
53 0.33796770190376435
54 0.04031653099856669
55 -0.06320635835947996
56 0.10154675298436189
57 0.03683935358091617
58 -0.08480952210665293
59 -0.12955719857277792
60 0.15407329708372686
61 0.14880497679739335
62 -0.0010590475606733207
63 0.5137989351633792
64 0.8714682192157426
65 0.6589575066999487
66 -0.43744077428553396
67 -0.6795106968562266
68 -0.33504896381421645
69 0.0010969336587436374
70 -0.1162427195261273
71 -0.1397366612238109
72 -0.09871174897884316
73 -0.05006729997404591
74 -0.06840240983362378
75 0.08056845174134253
76 -0.1924265392209179
77 -0.07136157634134666
78 -0.9629060962384628
79 -0.549609254011802
80 -0.8564819776672863
81 0.030810888266216807
82 0.0480764557689497
83 0.04723803977705643
84 0.05802430598461683
85 0.06938518697592144
86 0.08463844985325863
87 0.06827545779338151
88 0.2130125682096775
89 0.2897354928239295
90 1.1876745403324844
91 0.7054557326452038
92 0.5800158938267659
93 1.437014508903479
94 0.9267614214733229
95 1.5313014671488463
96 -0.28207477550983384
97 -0.30050143584671574
98 -0.5856587383389851
99 0.7679150673519928
100 0.5355503920776776
101 0.4171015438129402
102 0.909192047261179
103 0.582889873929517
104 0.9771146721011572
105 0.4854817036555552
106 0.43273582281277356
107 0.49501758173811083
108 -0.21715416075616645
109 -0.10396494867062245
110 -0.20805908712969767
111 -0.016879497051888848
112 -0.018812966983489332
113 -0.041410968851579355
114 -0.19515323923113215
115 -0.16457188694087677
116 -0.16366341786820726
117 -0.7881750222328747
118 -0.4196370872738413
119 -0.3350365328242777
120 0.058278941683909125
121 -0.03069059429714116
122 0.01078380951565805
123 -0.8040247926985273
124 -0.5215704581666927
125 -0.6834870711217178
126 -0.17038351673289753
127 0.051268901445266975
128 0.5205494088138494
129 0.03255582264802115
130 0.0008062964838302378
131 0.021093480650449692
132 -0.35845257342398895
133 -0.04748324211020005
134 -0.3166146768791407
135 -0.0349947267317674
136 -0.24360575456018552
137 0.17904119120409234
138 -0.03500581921062462
139 -0.0323038536159288
140 -0.018352624872008505
141 -0.01850111907502594
142 -0.017111152280578468
143 -0.004725828291242351
144 -0.4098992089377833
145 -0.6233292831734261
146 -0.9585753224045552
147 -1.3624376141955779
148 -0.8746860424375349
149 -1.2663645742321705
150 -0.19369537254999614
151 0.17043880301673653
152 -0.054203165494811856
153 0.3300170501912447
154 -0.001717108854251137
155 0.3517345646382921
156 0.760980408464377
157 0.7925489119127747
158 0.5783382099219097
159 -0.3669069185268654
160 -0.5439959360176658
161 -0.48895907416076057
162 0.04076825643883808
163 0.042188534899878505
164 -0.18282322822405206
165 0.6291064187203119
166 0.38243162888363713
167 0.39841649848091265
168 0.39299289096946044
169 0.42522258160481385
170 0.4134781021161871
171 -0.18407027499142714
172 -0.16748587346892663
173 -0.20935250965465002
174 0.4399661377504316
175 0.38890545042404767
176 0.6554309766040234
177 0.011279793741152844
178 0.0024795661248333545
179 0.026100114239085315
180 0.23472303699078978
181 -0.16215116252966943
182 0.11242566986593228
183 0.19429803069562013
184 0.32395111206376725
185 0.1173224901552885
186 0.1443094946210408
187 0.3827859853813038
188 0.24813144010553856
189 -0.29118480372370925
190 -0.19452253751592252
191 -0.39435709784608264
192 -0.42717407955278475
193 -0.19693296152951234
194 -0.3543519615972144
195 -0.14629143203805484
196 -0.10698487316753358
197 -0.18050007051246553
198 -0.7519981207712192
199 -0.6127820947018563
200 -0.7737265045593631
201 0.8956783540426727
202 0.8194422900144787
203 1.021282433712713
204 0.4025107607741347
205 0.3861210226524463
206 0.31970702233665804
207 -0.009903921534771598
208 -0.039437935882915554
209 0.039034864087795995
210 -1.013417913862856
211 -0.8190434365082022
212 -0.4529136941468783
213 0.0396362093613572
214 -0.4116286811412556
215 -0.24545054993198706
216 1.9229485867303753
217 1.4076967684203878
218 1.6520322992474157
219 -0.181610776468911
220 0.508956700496761
221 0.1759467881328307
222 0.01072734747554005
223 -0.35231803985423227
224 0.25987173168161437
225 -1.4544069036660252
226 -1.17848390056136
227 -1.6509502761651573
228 0.6784355870526046
229 1.0436103164609847
230 1.2583321390145308
231 0.28023828379674987
232 0.5192845059596859
233 -0.020596030816907918
234 0.042007456863231596
235 0.033794652663857505
236 0.02890056962746712
237 0.03295747018188422
238 0.030209624727774553
239 0.02361052463930946
240 -0.0025279953971448776
241 -0.01222081235027872
242 0.002397967207258489
243 0.005785896909969779
244 -0.00534514907957373
245 0.0039794673859603336
246 0.017922506057402643
247 0.025024923138801114
248 0.020814797879410207
249 0.016112649586546013
250 0.03217431132446791
251 0.0261749172058785
252 -0.006639130745426769
253 -0.012860920173011436
254 -0.014462700567094089
255 -0.013100387786778356
256 -0.00806075918382021
257 0.008331270581095396
$EndElementData