$MeshFormat
2.2 0 8
$EndMeshFormat
$NodeData
1
"Desplazamientos"
1
0.
3
0
3
280
1 0.000897113080454375 0.00034426035637728065 0.0 
2 0.005444225019646668 -0.00042126804226330975 0.0 
3 0.005613005326374541 -0.0005009407043123842 0.0 
4 0.000941578141458303 -0.0003714706701351433 0.0 
5 0.005030506713305005 -0.0002132881855834889 0.0 
6 0.0 0.0 0.0 
7 0.0 0.0 0.0 
8 0.005506375910104102 -0.0005335223991566775 0.0 
9 0.0056755700765119465 -0.0005579003239578069 0.0 
10 0.0054940649004269135 -0.0004422144006429943 0.0 
11 0.005535140912555612 -0.00046124856266181014 0.0 
12 0.005579146072217734 -0.00048016058951210453 0.0 
13 0.0009001732124845242 -0.000188032580042006 0.0 
14 0.0008688980014968355 -9.23419820563529e-06 0.0 
15 0.0008782877220790869 0.0001662557899928128 0.0 
16 0.004979162321396203 -0.00033721016935855144 0.0 
17 0.004765644749162852 -0.0004673141462928262 0.0 
18 0.004418401988307557 -0.0005644488680102079 0.0 
19 0.004039208810539307 -0.0006057155933066784 0.0 
20 0.0036266415275346122 -0.00047760944029892643 0.0 
21 0.003350918634055481 -0.0002959368190968195 0.0 
22 0.00325068311872693 -0.000161895038393535 0.0 
23 0.0033376307767987575 -2.5955084642586026e-05 0.0 
24 0.0035926629467086953 0.00011715706310896367 0.0 
25 0.003990904588870494 0.00022676641066565485 0.0 
26 0.004398830764592499 0.00017961451547913624 0.0 
27 0.004728025510308278 5.5911942986168955e-05 0.0 
28 0.004958437102354557 -8.396350183092397e-05 0.0 
29 0.0005321339529914381 -0.0003178460707810065 0.0 
30 0.0005097503383595511 0.00030604978350471605 0.0 
31 0.0 0.0 0.0 
32 0.0 0.0 0.0 
33 0.0 0.0 0.0 
34 0.005489708991504646 -0.00048062042302025686 0.0 
35 0.005658889593100639 -0.0005261913269274876 0.0 
36 0.005549373348067123 -0.0005371824866550464 0.0 
37 0.005587657407266585 -0.0005457419169759975 0.0 
38 0.005634001788502058 -0.000554259999080319 0.0 
39 0.005554996280990581 -0.00047536997881240164 0.0 
40 0.0054722977120953515 -0.0004482221287263858 0.0 
41 0.00537488346512186 -0.0004155638722432357 0.0 
42 0.005251307180863263 -0.0003786230463533733 0.0 
43 0.005093648486944586 -0.0003439658351406383 0.0 
44 0.004833425693914401 -0.00034267546467641916 0.0 
45 0.004490798857271031 -0.0005406997696390066 0.0 
46 0.00421437138599499 -0.0007760073813275588 0.0 
47 0.003909189664699223 -0.0005760070381734891 0.0 
48 0.0034329511314390806 -0.0003814313951636562 0.0 
49 0.002991145554113494 -0.0003659401961492724 0.0 
50 0.0025903282576746098 -0.0003735208011073801 0.0 
51 0.0021943772792101125 -0.00037598944509857493 0.0 
52 0.0017872145168324439 -0.000374716933268544 0.0 
53 0.001369824862287317 -0.0003751850427245912 0.0 
54 0.0013060407224702304 0.0003211989134512949 0.0 
55 0.001708063901651508 0.00028654114139590797 0.0 
56 0.0021044006240577067 0.0002467136453358196 0.0 
57 0.002493694143876936 0.00019775619696889602 0.0 
58 0.0028867806356709267 0.00013950508018138993 0.0 
59 0.003327795548059786 0.00010967353931947915 0.0 
60 0.003803112753038082 0.00024083416677891028 0.0 
61 0.004131459296389844 0.00040383614269324895 0.0 
62 0.004404100084936098 0.00010650371601792424 0.0 
63 0.004726446447503558 -0.00013752005088085384 0.0 
64 0.0049643787564049805 -0.00019842736834002983 0.0 
65 0.005107768145628867 -0.00022755694247737082 0.0 
66 0.00522093516078536 -0.00026367283345748326 0.0 
67 0.0053108192843221 -0.0003093156753642144 0.0 
68 0.005387533930835662 -0.0003640325054258167 0.0 
69 0.003154752968608782 -0.00014544760003945917 0.0 
70 0.005071631735895836 -0.0002594345561983657 0.0 
71 0.002160384078690101 -0.00010390069126744294 0.0 
72 0.005291364149119901 -0.00033652705718772904 0.0 
73 0.0027483775767293433 -6.09163358153597e-05 0.0 
74 0.004934646267715312 -0.0001962516195619447 0.0 
75 0.0049527644333111145 -0.00025258229384583195 0.0 
76 0.003522479563850405 9.548125809582913e-06 0.0 
77 0.0037332270576810986 -0.00043144288182380634 0.0 
78 0.005112440472560356 -0.00027890805139444514 0.0 
79 0.005427971623089804 -0.0003877412460987149 0.0 
80 0.00145429335417907 6.439736582181727e-05 0.0 
81 0.0029257227953761213 -0.00020836514116351248 0.0 
82 0.0045679420039160925 -0.0004950202258583096 0.0 
83 0.004343148213922275 0.00021950026877119025 0.0 
84 0.004578846408966736 1.3509684708582678e-05 0.0 
85 0.0030959683959817423 -5.283370059581954e-05 0.0 
86 0.003269682132749251 -0.00022469263316945127 0.0 
87 0.00549450341482804 -0.0004345969963347352 0.0 
88 0.0014133788718451465 -0.0001756304336069624 0.0 
89 0.003271030540963836 -0.00010624970446238973 0.0 
90 0.00346925256174106 -2.575438093126919e-05 0.0 
91 0.0032415569877835837 -0.00013837693664969878 0.0 
92 0.005204448987779072 -0.00028762837191259214 0.0 
93 0.005180105458577288 -0.0002892192166768573 0.0 
94 0.005064637394734742 -0.0002528341497278716 0.0 
95 0.005305217078918261 -0.0003212554959921261 0.0 
96 0.005067272490027461 -0.00023591232656715807 0.0 
97 0.0050513320358687806 -0.00023044960769853632 0.0 
98 0.005009337856810606 -0.0002347432281569315 0.0 
99 0.005007221883778161 -0.0002528002299164389 0.0 
100 0.004995131206779588 -0.00018859430730949243 0.0 
101 0.002330750576528882 5.1007157815867757e-05 0.0 
102 0.0019385692637919761 8.55461317590222e-05 0.0 
103 0.0052139059876413945 -0.0003114216562902664 0.0 
104 0.005116677636895398 -0.000264788390722005 0.0 
105 0.004696101897324443 -0.0004036823307641981 0.0 
106 0.004788478572063113 -0.00034606010403875984 0.0 
107 0.004846740061184178 -0.0003091284088055465 0.0 
108 0.0026364371458337927 5.411954540415208e-05 0.0 
109 0.0024657947507621064 -7.392438623503975e-05 0.0 
110 0.005370002548761962 -0.00035048819396244277 0.0 
111 0.005367087237587673 -0.0003600979400697154 0.0 
112 0.004328597930259574 0.00021895713561211985 0.0 
113 0.004472795295507816 0.0001140249810337536 0.0 
114 0.004221820218370744 0.00030983195294741916 0.0 
115 0.00516623884370147 -0.000326014985881507 0.0 
116 0.005278629620489624 -0.00035065242023828315 0.0 
117 0.0018151768951989078 -2.4131759672795793e-05 0.0 
118 0.0015883615703187592 0.00018031940942983747 0.0 
119 0.0047898640216231195 -0.00015866255724279605 0.0 
120 0.004936647020211853 -0.00022534201572945543 0.0 
121 0.0030706461959347808 -0.00015920619802518526 0.0 
122 0.0028171592344619027 -0.00013630432981198286 0.0 
123 0.0029924162930283858 -0.0001101658291752506 0.0 
124 0.0031887904066266325 -0.00017194892297843159 0.0 
125 0.003101175681612343 -0.00021302704878532183 0.0 
126 0.002915107109863795 -5.601631806818051e-05 0.0 
127 0.003133177380084263 -0.00010512209185225122 0.0 
128 0.0037194408864423367 0.00012397029405162557 0.0 
129 0.00390709172584672 0.00024625762644514066 0.0 
130 0.004119964733572453 0.0003094748567723671 0.0 
131 0.004030119676616851 -0.0006378780915735584 0.0 
132 0.0038597203304426195 -0.0005286978303325993 0.0 
133 0.004178986027180658 -0.0006852417710545978 0.0 
134 0.005025152722521189 -0.00025641296629332614 0.0 
135 0.005383547372920437 -0.00039351258790835486 0.0 
136 0.002551979430925185 -0.00016898606786274937 0.0 
137 0.001982030542341704 -0.0002338889133559354 0.0 
138 0.002379110978802345 -0.00024036005861570654 0.0 
139 0.005487813046579349 -0.0004271025997709472 0.0 
140 0.005443060875808017 -0.0003999820067774029 0.0 
141 0.0032927566073843277 -5.005248071734378e-05 0.0 
142 0.001167079701998269 0.0002072006939322404 0.0 
143 0.0011709957651589338 3.1439691061642645e-05 0.0 
144 0.002778230229141031 -0.0002848201266207649 0.0 
145 0.0028300346011449857 6.492644976995814e-05 0.0 
146 0.0032116844406781227 2.2698798992957976e-05 0.0 
147 0.004219548058784991 0.0002512330470426795 0.0 
148 0.00440363955631141 -0.0006048499641826471 0.0 
149 0.004356311315698676 -0.0006511810099934381 0.0 
150 0.005400757259906083 -0.00038721821901481593 0.0 
151 0.005485477718599702 -0.00043904704195773554 0.0 
152 0.005008932881973179 -0.00028948511414005805 0.0 
153 0.0016060786477436297 -0.00027861192196644504 0.0 
154 0.0017981983685555888 -0.0001345609226461965 0.0 
155 0.0033722951857335444 -0.00022093667911716574 0.0 
156 0.003235192558056228 -0.00017168808174645528 0.0 
157 0.0031634723701307404 -0.00028393978695701353 0.0 
158 0.005463153129605265 -0.0004114452212354331 0.0 
159 0.0034737493993396203 -0.00028719622067487706 0.0 
160 0.00358672324580198 -0.00035583418059284517 0.0 
161 0.00143225715334424 -5.500366169009824e-05 0.0 
162 0.00555943267823901 -0.0004714951001388629 0.0 
163 0.0055211306054855705 -0.0004443991722918408 0.0 
164 0.0011477705464367747 -9.500422825066927e-05 0.0 
165 0.0011754375179192065 -0.00027343505889332244 0.0 
166 0.00484412079407165 -0.00011338647675275934 0.0 
167 0.004862218050474981 -0.0003220542291419224 0.0 
168 0.004621958269843102 -0.0004723381992532251 0.0 
169 0.004494429977316364 0.00013272199993959245 0.0 
170 0.004774186250930366 -0.00011388932081904474 0.0 
171 0.004647679047737914 -6.865902229673613e-05 0.0 
172 0.0034572694816640426 6.010032091540379e-05 0.0 
173 0.004608767939674755 1.8748358230284572e-05 0.0 
174 0.003370167538545161 -0.00030357681405396514 0.0 
175 0.003599842316673608 -0.00039750251623765006 0.0 
176 0.003312941728973749 -9.662603944862441e-05 0.0 
177 0.005155997417070729 -0.00027785746469861445 0.0 
178 0.005243555429270475 -0.0002901776648695643 0.0 
179 0.0050473198712793575 -0.00023365446412473384 0.0 
180 0.0050367100089217754 -0.00022285669569121978 0.0 
181 0.00212783448573556 0.00012791129786566578 0.0 
182 0.005168354453341767 -0.0002883814707289977 0.0 
183 0.004773361830900886 -0.000348462044757506 0.0 
184 0.002477144907403954 1.1069994300587769e-05 0.0 
185 0.0053490828107305545 -0.00034340024454657597 0.0 
186 0.004339364584982633 0.0002207802997201366 0.0 
187 0.005224195645870611 -0.0003278593358827711 0.0 
188 0.001781678254073854 8.081597922223102e-05 0.0 
189 0.004921735882845599 -0.00021873597208024324 0.0 
190 0.004980952567958977 -0.00022822408090938874 0.0 
191 0.002955345083888138 -0.00013353846423470007 0.0 
192 0.0031267040276800125 -0.00018027012574114588 0.0 
193 0.0030163479185788817 -9.319790351854794e-05 0.0 
194 0.0039344337694241305 0.00023947910771014838 0.0 
195 0.004034272473534474 -0.0006294319990565633 0.0 
196 0.00507510979335121 -0.00024809758523446123 0.0 
197 0.005345870050383771 -0.00038692677791132395 0.0 
198 0.002618245650008538 -0.00012641369258140677 0.0 
199 0.0021880152778285073 -0.00028362061415591704 0.0 
200 0.005476442020498214 -0.0004229006019507013 0.0 
201 0.00540245312748579 -0.00037101712030052406 0.0 
202 0.0032334898478571994 -9.169594222100496e-05 0.0 
203 0.0010723450492983826 0.00013778470632917468 0.0 
204 0.0013571696854123483 0.0002376135370008763 0.0 
205 0.0025693343757503114 -0.00023114804713326927 0.0 
206 0.0027983410987084665 1.9111007223845393e-05 0.0 
207 0.0029833451816305935 7.240436594001521e-05 0.0 
208 0.0041838466304543 0.0003041340017020044 0.0 
209 0.004299158415010774 -0.0006712843495323592 0.0 
210 0.005425058282711627 -0.00040683054108381486 0.0 
211 0.0050864937659293175 -0.00031695279082886416 0.0 
212 0.0017971718668624754 -0.0002153853418940794 0.0 
213 0.003258285250943345 -0.00018332561865273288 0.0 
214 0.0029838313283088325 -0.0003098811274367635 0.0 
215 0.003229658391030621 -0.00015557395211244278 0.0 
216 0.005413069927139741 -0.0003861384143953108 0.0 
217 0.0034786510279705197 -0.000279611238140257 0.0 
218 0.0016850360948167152 -7.09290559597715e-05 0.0 
219 0.005535666424620137 -0.00046220555174597696 0.0 
220 0.005554744383768306 -0.0004653743396194132 0.0 
221 0.0010753021777445593 -0.0001872523263167908 0.0 
222 0.0013873157371229548 -0.00030957662021008375 0.0 
223 0.004940429008255905 -0.00014177366832258167 0.0 
224 0.004958726908880406 -0.00029031897823025697 0.0 
225 0.0036022422632969084 6.310877654994806e-05 0.0 
226 0.0037115437735229257 -0.0004418437320522081 0.0 
227 0.004503801106306027 -0.0005565865382231426 0.0 
228 0.0043807320110595665 0.0001897345521886868 0.0 
229 0.004734334090536194 -0.00011558025559802563 0.0 
230 0.00496978936480258 -0.0002716242301672439 0.0 
231 0.003324510144827276 4.170474511333719e-06 0.0 
232 0.0054931336289611304 -0.0004276310015823838 0.0 
233 0.0012516138178969795 -3.9476942345476926e-05 0.0 
234 0.004525587066065809 9.227908253344751e-05 0.0 
235 0.004748966065281619 -7.494773302771082e-05 0.0 
236 0.00321161340485155 -0.0002607207264997346 0.0 
237 0.003486798862870117 -0.0003257672769414092 0.0 
238 0.004522776039237211 -0.0005284995342314679 0.0 
239 0.003844467204161287 -0.0005330729863838218 0.0 
240 0.0037151242972551465 0.00017589622498493252 0.0 
241 0.004466267254212088 8.067799274971916e-05 0.0 
242 0.004768945774569158 -0.000374843637851773 0.0 
243 0.00042832859281279024 -0.00012545090173622254 0.0 
244 0.0004181146823153185 0.00012072507211906203 0.0 
245 0.0006952597315374978 -0.00026174348321144757 0.0 
246 0.0006506014696028259 -8.538426967374131e-05 0.0 
247 0.00019918779850787246 -2.6841593600665688e-05 0.0 
248 0.0002174875972825245 -0.00010916042963397747 0.0 
249 0.0006708444222770548 0.0002468830396906789 0.0 
250 0.00020976484438296083 0.00010665156386715556 0.0 
251 0.0001973096230656496 2.6917263548113695e-05 0.0 
252 0.0006423409261733729 7.52909126338709e-05 0.0 
253 0.00041521109511140505 -1.0800863298826624e-06 0.0 
254 0.0007464926747603408 -0.00017685154382106119 0.0 
255 0.00013514107909684236 -4.0511351579755766e-05 0.0 
256 0.0004513519559686795 0.00022810478260736842 0.0 
257 0.00041631666091864947 3.6846056912855545e-05 0.0 
258 0.00041951879986726223 -4.0013178858318155e-05 0.0 
259 0.000469289959536303 -0.00023713866329298422 0.0 
260 0.0007283818230750812 0.0001620406342870553 0.0 
261 0.00013207182423109442 4.060507519107377e-05 0.0 
262 0.005533076300340837 -0.000492210916887491 0.0 
263 0.0056177627083359265 -0.0005146342596332518 0.0 
264 0.005493620377728691 -0.00046015376514914536 0.0 
265 0.005537498712449566 -0.00047437604477489043 0.0 
266 0.005564034323831058 -0.0005207204943231512 0.0 
267 0.005522599852394929 -0.0005111310559980169 0.0 
268 0.00562056040573034 -0.0005043241998883419 0.0 
269 0.005649508655133856 -0.0005379865234867319 0.0 
270 0.005606370992262865 -0.0005284628329256759 0.0 
271 0.0055799670641455265 -0.0004903059284018258 0.0 
272 0.005576178138808785 -0.000503462416154375 0.0 
273 0.005510103539115079 -0.00045897533145198747 0.0 
274 0.005546922024583634 -0.0005235127064518471 0.0 
275 0.005645474339169446 -0.0005224781360816104 0.0 
276 0.005589845891161997 -0.0005072161630061256 0.0 
277 0.005561592452961967 -0.0004997096494351212 0.0 
278 0.0055045048943827375 -0.0004843139195416096 0.0 
279 0.0055949703429686625 -0.0004915212847354648 0.0 
280 0.005631558270570303 -0.0005397313730828383 0.0 
$EndNodeData