$MeshFormat
2.2 0 8
$EndMeshFormat
$ElementData
1
"sigma_x"
1
0.
3
0
1
249
9 0.00015718045714816376
10 0.00029778483767138684
11 0.00013424087196117155
12 0.000120649342548379
13 9.718981807342467e-05
14 9.734775470706183e-05
15 9.258885035516931e-05
16 0.00010076809113918929
17 0.00011008354923434981
18 6.054351640833204e-05
19 3.826937317498024e-05
20 7.550831505357975e-05
21 6.188634831212625e-06
22 1.4154904311567199e-05
23 1.7686213257376432e-05
24 0.0003875697198416194
25 0.0003921813127369055
26 0.00039774361819590407
27 9.59525079834647e-05
28 9.579742738779584e-05
29 8.787563563106846e-05
30 0.00029117502675761985
31 0.0003371823933602117
32 0.0002469761998183141
33 0.00038324337255439805
34 0.0003559981113187339
35 0.0003803869660710384
36 8.826804369612903e-05
37 8.283717318802696e-05
38 9.755543692990679e-05
39 0.00033126623457530036
40 0.00034467716331513035
41 0.00038337332533698934
42 0.00013170426606941375
43 0.00011895122725202358
44 0.00010148796876616531
45 0.000401235074013127
46 0.00041870916056136387
47 0.0004037344441177854
48 9.654944474764282e-05
49 0.00012199472769332167
50 0.0002003431526911995
51 0.0001452410024172985
52 0.0001279903745228896
53 0.0002047454584381287
54 0.00022878673108639946
55 0.0003075752409230372
56 0.00030542211211131987
57 0.00023080404279750017
58 0.00029482533092711673
59 0.0003246748200444547
60 0.0003095767264500802
61 0.0002932231575385883
62 0.0002374782648856149
63 0.0005072704903821288
64 0.0004576864147364237
65 0.00042903641338226607
66 0.00038528455524352613
67 0.0004400085126379195
68 0.00048291126884140567
69 6.10968077777935e-05
70 0.00010030072511182497
71 0.00010003210661282437
72 0.00011904907445649867
73 0.00010491775243081335
74 9.915270018297489e-05
75 0.0003441041871092357
76 0.00034577934565224906
77 0.00037833298494453424
78 0.00040677393918125276
79 0.0003970804364606417
80 0.00039410158468069427
81 5.368680699833171e-05
82 6.944167299851971e-05
83 5.5822336178563145e-05
84 5.909239160683611e-05
85 7.305832704605574e-05
86 7.74910734096185e-05
87 0.0002250877994248203
88 0.0003015993048492271
89 0.00032581083868337985
90 0.00043400498870779856
91 0.00043432259552758016
92 0.0004521698348465403
93 0.0004043310861036336
94 0.0004212818683204895
95 0.00041452296395445983
96 0.00038310378987023224
97 0.0003642648288548502
98 0.000393008107834667
99 0.00038833670385424006
100 0.0003418930736722946
101 0.0003446652919509635
102 0.0004207896773254908
103 0.0003816498395331354
104 0.0003956112955782122
105 0.0003859584613636804
106 0.0004722980850829263
107 0.0006405829287336722
108 0.0006047052828660306
109 0.00041391742899569116
110 0.00036410910124473573
111 9.910205391195932e-05
112 8.34700727144061e-05
113 9.250387851233435e-05
114 0.00023215885649689044
115 0.00015730596172828983
116 0.00015990523957890024
117 0.00041245825598140067
118 0.0004244738219816859
119 0.0004036320846020284
120 0.0001470697711649942
121 0.00027491477916164646
122 0.0001517405677386183
123 0.0004015849654618994
124 0.00038524214098971084
125 0.00042300326035631065
126 0.00014036175049230663
127 0.00012981604848934583
128 0.0001338952187454525
129 8.288001771066499e-05
130 8.259959592802225e-05
131 9.750393676223861e-05
132 0.0003893834795109675
133 0.00033489275446303094
134 0.0002729745581054122
135 0.0004031721748983106
136 0.00042584396341644967
137 0.000422687220445311
138 8.228581558902869e-05
139 7.395495963930746e-05
140 6.02223749400178e-05
141 5.557184226866012e-05
142 6.909938224998469e-05
143 5.317174282433706e-05
144 0.0004579368787389598
145 0.00044103086718169583
146 0.00044757001396566207
147 0.00043149686893254524
148 0.0004306411298244246
149 0.00041805097751027465
150 0.0001560791437178414
151 0.00011318184621771435
152 4.703591238584739e-05
153 4.948568221009933e-05
154 0.00013391611766253204
155 0.00016155128736671312
156 0.00023737753089235654
157 0.00040755316831764775
158 0.000504852881434959
159 0.000559582680842563
160 0.0004602802359693842
161 0.0002593517394850137
162 0.0005034707060027361
163 0.00042923587917827405
164 0.0007845582999342548
165 0.000851403463066224
166 0.0005709640776390456
167 0.0005239790620664088
168 0.00021762210493161092
169 0.0002995340774522813
170 0.00027037758943631706
171 0.00015068805093912526
172 0.00013652181808260916
173 0.00022304090401097055
174 0.00038037955992972815
175 0.0003545606289661104
176 0.0004175667326907456
177 5.40527046422577e-05
178 7.150185148450255e-05
179 7.238008060048368e-05
180 0.0004373018561688079
181 0.0004405278346208745
182 0.0004616794333853994
183 0.00041025280014817585
184 0.0003546660492214672
185 0.00039811187926873685
186 0.00023263978087855255
187 0.00032399651811437563
188 0.00018616490159134406
189 0.0003585482416816597
190 0.0003478473066019531
191 0.00040449900168569597
192 0.0004275013557770019
193 0.0003735434611722502
194 0.0004327396525592086
195 0.0002985472607178411
196 0.0003397905816257656
197 0.00033563876103459697
198 0.0004633107285544639
199 0.00043027735994324336
200 0.00033789314233409213
201 0.00036424073575534017
202 0.000449822244182676
203 0.00046341819758353824
204 0.0003169238763695119
205 0.0003190811174783407
206 0.0002888570457049459
207 0.00020719712228707207
208 0.00035708530177209086
209 0.00024349452518788312
210 0.00045368432144401115
211 0.0004772461229213262
212 0.0004661616093749188
213 0.00040013750708444026
214 0.00043978127057392225
215 0.0004275872052464186
216 0.00041486788532302347
217 0.00046107957789409394
218 0.0004885067139648047
219 0.00042118823171186483
220 0.00044503130310772336
221 0.0004530009209646235
222 0.0004547295884678905
223 0.0004514136710949535
224 0.00042265074820221297
225 0.000509290647506684
226 0.00047777213425497336
227 0.00043577902571452986
228 0.0004593073276748863
229 0.0004654007111396446
230 0.0004377133927375188
231 0.00041370113474776193
232 0.0004290642871263365
233 0.0003950183027717953
234 4.874210555397447e-05
235 3.4459141838636895e-05
236 4.6372687953579773e-05
237 8.560073366310761e-06
238 2.0768586364195915e-05
239 9.750657648640616e-06
240 4.3516353281328624e-05
241 2.8948249403516063e-05
242 1.7881334023484192e-05
243 1.3455063805481622e-05
244 2.6403928117338556e-05
245 3.9134271286417506e-05
246 3.917836848437578e-05
247 2.6535611381491714e-05
248 1.347680823960036e-05
249 1.7848692236164653e-05
250 2.8979474666238408e-05
251 4.325421294002971e-05
252 4.6103560701475296e-05
253 3.4188548050895565e-05
254 4.859526271450056e-05
255 9.74855450853497e-06
256 2.0693343351566376e-05
257 8.520546881001997e-06
$EndElementData