$MeshFormat
2.2 0 8
$EndMeshFormat
$ElementData
1
"sigma_yx"
1
0.
3
0
1
249
9 1353.4714131406217
10 558.1980342800707
11 937.7216168173272
12 173.25490349281972
13 270.3817370767465
14 318.5647662912688
15 83.03649340369884
16 220.70812693909284
17 105.34320569907322
18 602.6563689333452
19 650.5416149786106
20 807.3152559974205
21 815.0399010110668
22 649.0190284979981
23 470.38332177803204
24 396.8794126308585
25 989.5144637701706
26 459.2054783413296
27 297.41964751876003
28 331.00131592919024
29 436.7879875943581
30 15.490149561124781
31 280.11504499887815
32 244.32968004432405
33 584.79930738658
34 1058.5560389187794
35 1222.9248326287488
36 100.42799581851796
37 161.42874575633323
38 221.71213558130148
39 338.52428628093185
40 272.223974084347
41 451.37013784076225
42 115.94037192128417
43 190.5515744031036
44 230.1626687068383
45 994.2925403317604
46 976.0359261650283
47 706.2199344809469
48 431.40743876936904
49 446.99789790381874
50 162.21818353813433
51 107.2868726509405
52 307.47089522904207
53 90.39954638270501
54 1300.7373304608936
55 1117.3868698346596
56 1125.6372170884788
57 1319.3693050351103
58 920.8472694856046
59 904.7399868315642
60 914.6657698960189
61 753.122800751169
62 1160.0824385436972
63 837.1295893544066
64 455.9191170406775
65 775.7937456885556
66 559.623050829352
67 460.6771238964393
68 796.7438952856246
69 483.8471683931639
70 329.98067669882585
71 477.872744772827
72 93.97253023281519
73 201.78910581701166
74 90.30433512176751
75 948.3626135362283
76 854.7969853003051
77 944.7933858663946
78 394.54688516317583
79 903.348103894301
80 395.2269157985884
81 97.71881536113324
82 103.74733893869052
83 44.87396315284241
84 23.45500089548841
85 103.40363654998873
86 50.05583154084161
87 1173.1819257237494
88 691.5557642262538
89 601.6106653195602
90 708.4170657843442
91 1207.8960011994714
92 1325.993593746316
93 236.3425729496621
94 735.2311849033576
95 362.59298473931085
96 1126.8111762442495
97 836.8773177957555
98 503.18801470444305
99 661.2018487046735
100 781.8403828196333
101 885.3755980117639
102 -93.7308907458646
103 267.3265070671914
104 268.4766885772842
105 653.8866905811046
106 742.5858652497354
107 933.8977464473428
108 988.9240659378847
109 666.5002348990402
110 652.7751998264903
111 214.91936455401446
112 153.7774940062627
113 99.94763426565078
114 -4.6046665126305015
115 123.11466960924918
116 68.55121809508637
117 546.9873287941991
118 870.2410331255505
119 908.4813018610384
120 1312.0014908951416
121 1143.3349106675487
122 1563.0024708546189
123 321.4905832106815
124 525.748063975172
125 132.94160716693113
126 1438.193651238129
127 1694.3142450918385
128 1311.4585042966828
129 158.60127802592797
130 165.2703422684972
131 192.53041285313884
132 392.48555466070684
133 645.845561272592
134 985.941300087843
135 1272.7861680347487
136 1385.1959411189173
137 1386.6895439595655
138 73.58650591491278
139 103.66301341973121
140 53.91978582691445
141 75.16505567053537
142 106.99521277363783
143 113.94200702662783
144 1288.935233816257
145 1146.4824107043823
146 728.4345712147024
147 376.53091664324256
148 723.7142747897833
149 253.73463808989072
150 1288.5468584793198
151 916.0825236213295
152 627.8850724273743
153 709.600442440822
154 627.7429955859716
155 1140.701399479749
156 1563.8449410485482
157 692.6331780677028
158 617.487164891576
159 1351.509298269386
160 750.7763041898834
161 1788.272284153998
162 1168.7214578842832
163 815.3587642391321
164 638.2991635082435
165 980.7016517470656
166 1047.8103009816932
167 1711.8497908146892
168 429.4313349820404
169 243.47355432257064
170 6.78596774721882
171 191.49659273102588
172 167.19413451102446
173 12.646285439370331
174 256.8019415507206
175 468.52090015217436
176 109.51535483875523
177 114.68497616992317
178 147.23553982073827
179 139.305323508308
180 1074.7763823486985
181 1094.057198058047
182 1119.6943879284117
183 641.5471642323282
184 391.5044798280578
185 1208.1322429973043
186 932.2580184819853
187 469.56734332884844
188 635.2271569111927
189 585.285406087678
190 461.72196167977563
191 90.33836514623363
192 251.08951105708547
193 414.0031347625081
194 352.77788294584025
195 426.09287765947374
196 337.1445057921137
197 -88.66569045674623
198 7.637935455830302
199 300.1539764067056
200 370.2001793862655
201 502.1579387695292
202 403.3035673367758
203 19.94533361231879
204 -111.68982234981377
205 167.41723030651337
206 220.03725621852936
207 454.68128391890787
208 466.681959201258
209 831.6250206411241
210 423.3668431927208
211 751.7872902110771
212 1138.4299192322223
213 643.7434698307446
214 1185.6572737741017
215 1174.756156283033
216 -15.899762798579104
217 1020.7982069151785
218 1184.1549903715736
219 773.0282460377719
220 1033.9550571073446
221 1351.7735768706802
222 1343.927452596049
223 988.1225207893021
224 736.9762113210444
225 1004.3777692892722
226 937.8632181834937
227 97.6976960879856
228 1132.2879370108622
229 762.4037396373992
230 340.3663647256508
231 1397.250860771078
232 1309.7852648612688
233 723.3896976910138
234 18.103877546778676
235 38.27272124870797
236 61.42562710994389
237 41.30542159651304
238 29.990998764795222
239 11.765625973501301
240 38.08681184877423
241 43.11396629068622
242 28.297641008404753
243 50.90427215748241
244 57.39243497293501
245 72.10216945115644
246 66.86758286793338
247 46.319170148948615
248 48.18963647511009
249 -2.803810835164768
250 20.480563701999927
251 -4.862224336327927
252 77.24252806107688
253 56.44315160046426
254 47.82242523775858
255 28.809363876034695
256 44.34592308421634
257 40.384122144452704
$EndElementData