$MeshFormat
2.2 0 8
$EndMeshFormat
$ElementData
1
"sigma_y"
1
0.
3
0
1
249
9 -47.08415550956852
10 -215.4832142808009
11 -283.45829396657064
12 -127.07093425852872
13 -43.14609690780344
14 -70.16721501818392
15 -94.79932638828177
16 -62.66485311735596
17 -121.58441481352202
18 -67.6084430286719
19 37.068590043258155
20 -115.09985792778025
21 -84.247176431556
22 -0.9678172548592556
23 -83.3367324368146
24 -919.9750640664097
25 -482.5802248205
26 -1045.2762112260398
27 -1.268421099113766
28 55.57539968981291
29 -11.267691301647574
30 136.89184349420248
31 47.83833153643354
32 134.93127363096573
33 -619.2748567199369
34 -286.9600126195073
35 -258.8763612931689
36 -70.75199309167874
37 -43.311899882086436
38 -41.98355002669996
39 -255.81208888435503
40 -143.16274836518278
41 -193.21332105394686
42 74.90213506423606
43 60.44529142300598
44 33.2894665588683
45 -319.0548793474518
46 -464.1404950016604
47 -908.057385998185
48 -174.18596547280322
49 -237.5971228529088
50 -275.44939939660253
51 -187.34999870945467
52 -161.5655380974349
53 -250.37783465557732
54 -51.229525546121295
55 30.028109063743614
56 -107.10470274616091
57 -56.64047801976267
58 39.26658692662022
59 82.26936113470765
60 -144.84406073791615
61 -131.5787699661887
62 -7.542605750801158
63 -441.4070034836768
64 -773.250172500153
65 -569.7334926659823
66 341.2014351327525
67 561.7795404700155
68 250.8000911969575
69 13.54671015049098
70 100.55043385298632
71 121.85257322569305
72 72.99584053737635
73 35.40261250350159
74 51.32700183696579
75 -92.28268934933294
76 148.92315770125424
77 48.120190615399224
78 894.2474349697404
79 489.6805386307715
80 781.244562605305
81 -18.117537920188624
82 -30.824514848849503
83 -30.744707867503166
84 -42.24628692463739
85 -45.75902726876666
86 -61.846746094932314
87 -53.38082019528497
88 -173.49737153229216
89 -244.9087701054159
90 -1135.7320784099156
91 -675.7061723196184
92 -556.4880883803608
93 -1378.1421275991888
94 -882.4337612958843
95 -1476.1367205282813
96 236.1691168619509
97 240.75686675444376
98 520.5638592797113
99 -696.7658142143846
100 -473.9613708410325
101 -379.7315219278171
102 -820.3528201932131
103 -508.4504966085515
104 -897.5886486530308
105 -420.2653950190943
106 -363.44984138719883
107 -424.0054796242475
108 146.99320932403498
109 31.079761979279283
110 137.66336433027755
111 14.069747889239807
112 6.142011487638229
113 33.79945012534154
114 133.52186494710622
115 113.16701271518832
116 107.4504758710973
117 732.3964838405784
118 377.92988098421483
119 296.1601539059102
120 -84.25908662797883
121 -12.914293204099522
122 -35.80419134485419
123 713.8148911442986
124 432.750963247483
125 581.5720332720521
126 135.7492676198308
127 -72.5009011905563
128 -502.3114643616718
129 -26.65562825539382
130 -3.3581890653877053
131 -17.279960020689032
132 280.61781446608074
133 -4.05856752361251
134 261.2291019866243
135 8.17191716823072
136 217.51575772770957
137 -185.60927274076312
138 33.424194487713976
139 13.937763412395725
140 18.520180646213703
141 9.692115056081093
142 5.8473655334951316
143 -1.5185472296143416
144 381.33826664150865
145 581.7373766397304
146 908.6592503104721
147 1304.6594071414365
148 816.6857533627954
149 1203.6154776907915
150 221.39928867522394
151 -133.72651432653947
152 54.181234291318106
153 -341.9444528652166
154 -29.63551776096574
155 -373.2382129093894
156 -717.4110431215813
157 -710.9529472845315
158 -521.7446549424203
159 288.9275868017867
160 448.9025697566394
161 420.426513871731
162 -91.72714316102793
163 -111.06189090106636
164 100.79774221959087
165 -537.2073211998795
166 -303.7240437026485
167 -322.69563769659726
168 -319.8967683461133
169 -327.7064075463277
170 -313.52175026944315
171 149.68005365136196
172 127.27222176885698
173 161.78522842284292
174 -378.24740692072373
175 -331.65928779264505
176 -580.3478268414183
177 -19.01736596925184
178 -5.6559506245248485
179 -25.41985675203614
180 -233.2371637474389
181 144.38698649952494
182 -111.94216340741423
183 -113.88877980964025
184 -232.80166341779113
185 -46.12777836195892
186 -98.39729161231662
187 -305.7339741057949
188 -200.1876096786582
189 213.35469688389276
190 123.35847056932107
191 312.2789174570062
192 339.42569117664243
193 122.82177918292291
194 260.9262735705397
195 44.32558734394843
196 8.105316931993002
197 71.9669905793271
198 624.954306740954
199 486.5083742009301
200 628.6696236188582
201 -771.429317533708
202 -713.8067017684662
203 -898.260093537865
204 -282.6533764625201
205 -265.0763933394337
206 -182.04695163205906
207 -27.80094118451234
208 -21.499721625528764
209 -72.65842242326471
210 962.6079295974914
211 775.3980218113261
212 424.2199099402933
213 -40.75609746713087
214 391.4910140689987
215 236.5016045016321
216 -1850.979050570872
217 -1345.1289896388912
218 -1592.047957433549
219 173.6347970662987
220 -485.72144949628637
221 -169.4381976676541
222 -20.312620495375995
223 329.98323977216387
224 -255.9382781792093
225 1405.564350237305
226 1126.9107975057855
227 1593.207009572096
228 -649.0085755856271
229 -995.9119540579477
230 -1203.314482073809
231 -268.1789304681225
232 -494.33662555181945
233 21.010617692213714
234 -25.537464018911123
235 -17.781954983598553
236 -16.803501836169744
237 -22.097880449684453
238 -19.845403544721194
239 -25.30520464113215
240 6.960116280533839
241 5.815289543475956
242 5.429158825980267
243 -5.50457673863275
244 -0.09948855260154232
245 -5.426950251101516
246 -8.213071422360372
247 -12.765427037607878
248 -13.382794357748935
249 -23.78439343086211
250 -20.403243352891877
251 -28.01889425277477
252 0.14247127807175275
253 4.672946847102139
254 7.443887205154169
255 5.566344192106044
256 1.980387578252703
257 -4.9736881886201445
$EndElementData