$MeshFormat
2.2 0 8
$EndMeshFormat
$ElementData
1
"sigma_x"
1
0.
3
0
1
249
9 0.0001571859341166276
10 0.00029778202015996215
11 0.00013424004956155006
12 0.00012064891581802396
13 9.724741760199244e-05
14 9.73633731624875e-05
15 9.243291211052159e-05
16 0.00010084873201594499
17 0.00011002638719855322
18 6.054813495341401e-05
19 3.8271430364806604e-05
20 7.550958130266017e-05
21 6.189589438895457e-06
22 1.4155855095032178e-05
23 1.768566786542608e-05
24 0.00038706312232528173
25 0.00039309550041048886
26 0.0003963739284675665
27 9.603395967023302e-05
28 9.582101444912294e-05
29 8.790075875918365e-05
30 0.00029117450544046027
31 0.0003371804011409116
32 0.00024697432052886784
33 0.0003832947098431419
34 0.00035622916015651566
35 0.00038103236652010583
36 8.82333895942675e-05
37 8.302875371819958e-05
38 9.772701295688267e-05
39 0.00033127021069828504
40 0.00034467655297140166
41 0.0003833730702827512
42 0.00013169393005775347
43 0.00011895894562008284
44 0.0001015363369702843
45 0.00040297337925062726
46 0.00042046428283388257
47 0.00040359488297592725
48 9.655272797194983e-05
49 0.00012199512902790529
50 0.0002003417751463263
51 0.0001452251296628253
52 0.00012799326266180083
53 0.0002047430824501325
54 0.0002288385888299196
55 0.0003076919633126354
56 0.00030557585328689794
57 0.00023083581640908485
58 0.0002948341347865013
59 0.0003246938034865794
60 0.00030970530689177194
61 0.00029326435850962184
62 0.0002375178311200066
63 0.0005072635455788655
64 0.0004576812704549021
65 0.0004290408044272013
66 0.0003852910242194939
67 0.0004400069731705534
68 0.0004829057386142449
69 6.110742802372532e-05
70 0.0001003080010898872
71 0.00010003431462822076
72 0.00011898709783545727
73 0.00010497011185980811
74 9.898548917291116e-05
75 0.0003444726452113292
76 0.0003460045759559248
77 0.00037920064418533496
78 0.0004050940458196139
79 0.0003974465222422235
80 0.0003934650095806752
81 5.310280007272787e-05
82 6.932385527218254e-05
83 5.498063284971582e-05
84 5.874562534565527e-05
85 7.307703645994888e-05
86 7.702681269575965e-05
87 0.00022510070791706416
88 0.0003016087544444098
89 0.0003258100737154666
90 0.00042758257527334787
91 0.0004331557670535248
92 0.0004453605940153497
93 0.00040012989746947465
94 0.00042172647007836895
95 0.00041152113700074287
96 0.0003835748313206827
97 0.00036432920790251035
98 0.000392866377632044
99 0.00038829113189566477
100 0.00034192885836025833
101 0.00034476380003592867
102 0.00042078065329185154
103 0.0003816393447099292
104 0.00039542197768304256
105 0.00038596077616531027
106 0.00047229574251835167
107 0.000640575543129262
108 0.0006046986028866164
109 0.00041391537590988216
110 0.00036411168800352554
111 9.924298058681079e-05
112 8.361535911623891e-05
113 9.241532022037776e-05
114 0.00023215662538937035
115 0.00015730381162616658
116 0.00015988706632273208
117 0.00041150243137574264
118 0.0004257650012895052
119 0.0004048058580423974
120 0.00014707046340064767
121 0.00027492150087416725
122 0.00015175285320813674
123 0.00040141107429626723
124 0.000385215109629885
125 0.000422996115043994
126 0.00014035973540210168
127 0.000129821493076907
128 0.00013389466948867485
129 8.30720820630829e-05
130 8.277115884576742e-05
131 9.768926654824591e-05
132 0.0003893777012940955
133 0.0003348893709120065
134 0.00027296958588056723
135 0.0004048387381752465
136 0.00042703538511341954
137 0.0004240553124572284
138 8.178967858761196e-05
139 7.388422614570175e-05
140 5.9880143289199085e-05
141 5.467907277029605e-05
142 6.885140192923554e-05
143 5.251885904242887e-05
144 0.00045090231095548997
145 0.00043919964654276
146 0.00044027318585105566
147 0.0004281613966790154
148 0.00043030782090618
149 0.000413393437187171
150 0.0001560772078119943
151 0.00011318049595980019
152 4.7034336814384594e-05
153 4.948408243908402e-05
154 0.00013391455051749677
155 0.00016154938284737054
156 0.00023737121413571968
157 0.00040754635271175125
158 0.0005048412794846722
159 0.0005595699515537919
160 0.00046027343709542905
161 0.0002593441776406783
162 0.0005034648432070236
163 0.0004292319228717564
164 0.0007845452041957829
165 0.0008513883034334678
166 0.0005709571586544108
167 0.0005239733175166758
168 0.0002176206329356327
169 0.0002995325178676688
170 0.0002703771594238869
171 0.00015068833366766506
172 0.000136524026721329
173 0.00022303892838566473
174 0.00038037829614711574
175 0.00035456359198161435
176 0.00041756661494977835
177 5.3866449649262555e-05
178 7.153441628748869e-05
179 7.24701605499165e-05
180 0.0004368257090624143
181 0.00044001179657224385
182 0.0004561054464797138
183 0.00041024980585166373
184 0.0003546637646523066
185 0.00039810732355643813
186 0.00023263756459538602
187 0.0003239933011338486
188 0.00018616297772508072
189 0.0003585543460433577
190 0.0003478462654911887
191 0.00040448510926302484
192 0.00042750279524267874
193 0.0003735385234274538
194 0.0004327369487781207
195 0.0002985528966210102
196 0.00033979123897432653
197 0.00033563918445287094
198 0.00046333118831156555
199 0.0004302833757593368
200 0.00033790693275416884
201 0.00036425312632156577
202 0.0004498239197076287
203 0.0004634359998606308
204 0.00031692413075745836
205 0.000319081903914421
206 0.00028886309476282637
207 0.00020719479817305105
208 0.0003570817072269458
209 0.00024349234797311353
210 0.00037138503313561026
211 0.00038330885483160173
212 0.0003768627203674465
213 0.0003169666968164972
214 0.0003502103519520567
215 0.00034458004453761306
216 0.000339598613504173
217 0.00037157520282734115
218 0.00039832570928756173
219 0.00033308069792204083
220 0.000354053213710559
221 0.00036205795584305243
222 0.00036341358576401285
223 0.0003590295933785063
224 0.0003342132578350542
225 0.00041501585755839303
226 0.00038491837171923064
227 0.000356524203211402
228 0.00037140609904348957
229 0.00037396781171832234
230 0.0003585988007146068
231 0.00033346951436817205
232 0.0003417325635071775
233 0.0003129205252462118
234 3.9805803020490776e-05
235 2.7734158160378636e-05
236 3.7724910558081456e-05
237 6.50175654015768e-06
238 1.64032545431729e-05
239 7.731844574430762e-06
240 3.5465884569719705e-05
241 2.3195576675659642e-05
242 1.4500861170672723e-05
243 1.0719644050364435e-05
244 2.1122476088394557e-05
245 3.1649231715504336e-05
246 3.169006245679236e-05
247 2.124538428586748e-05
248 1.0740267407811574e-05
249 1.4470730121083752e-05
250 2.3222622428401733e-05
251 3.522505652527128e-05
252 3.7479726230261676e-05
253 2.748485875112179e-05
254 3.966645904166129e-05
255 7.730099881383609e-06
256 1.6334232312370522e-05
257 6.465163892790601e-06
$EndElementData